528716.995067497        0.00351    0.00285    0.02281    0.00043    0.00035    0.00281   -0.00019    0.00032    0.00023
528717.000000000        0.00351    0.00285    0.02284    0.00039   -0.00001    0.00269    0.00005    0.00011    0.00054
528717.017762034       -0.01353    0.00601    0.01765   -0.00941    0.00349   -0.02261    0.00918    0.15599    0.88160
528717.317763915       -0.01738    0.00540    0.01017   -0.01476   -0.00717   -0.02317    0.00163    0.15645    0.88890
528717.617765886       -0.02337    0.00034    0.00332   -0.01976   -0.01313   -0.02354   -0.00785    0.12646    0.89947
528717.967768185       -0.01453    0.00588   -0.00125   -0.00179    0.00522   -0.02553   -0.02203    0.08994    0.55031
528718.000000000       -0.01511    0.00343   -0.00134   -0.00112    0.00545   -0.02434   -0.02227    0.07127    0.55320
528718.267770162       -0.01583    0.00347   -0.00799   -0.00118    0.00703   -0.02808   -0.02446    0.06470    0.55512
528718.617772468       -0.01700    0.00713   -0.01825   -0.00407    0.01177   -0.02843   -0.02944    0.06276    0.56556
528718.967774775       -0.00817   -0.00654   -0.03777   -0.00071   -0.00501   -0.03138   -0.03453    0.11263    0.35070
528719.000000000       -0.00772   -0.00684   -0.03975   -0.00114   -0.00584   -0.03206   -0.02897    0.11040    0.34813
528719.317777075       -0.00819   -0.00876   -0.04888   -0.00319   -0.00398   -0.02927   -0.02686    0.10722    0.35681
528719.567778718       -0.00904   -0.00974   -0.05653   -0.00579   -0.00398   -0.02854   -0.02661    0.11157    0.36262
528719.817780360       -0.00155   -0.00626   -0.01978   -0.00035    0.00145   -0.01357   -0.02579   -0.10335    0.30371
528720.000000000       -0.00185   -0.00464   -0.02243   -0.00263    0.00136   -0.01611   -0.02598   -0.11192    0.31326
528720.267783319       -0.00287   -0.00403   -0.02683   -0.00310    0.00010   -0.01887   -0.02652   -0.11007    0.32456
528720.517784964       -0.00379   -0.00401   -0.03192   -0.00404   -0.00060   -0.02205   -0.02463   -0.10804    0.33092
528720.767786609       -0.00139    0.00008   -0.02738   -0.00328    0.00337   -0.01909   -0.02086   -0.15829    0.32191
528721.000000000       -0.00164    0.00084   -0.03188   -0.00377    0.00261   -0.01814   -0.01006   -0.15812    0.32340
528721.267789897       -0.00223    0.00159   -0.03662   -0.00357    0.00442   -0.01819   -0.00031   -0.15545    0.32214
528721.517791539       -0.00326    0.00301   -0.04080   -0.00528    0.00709   -0.01863    0.00215   -0.16560    0.31796
528721.767793182       -0.00574    0.00538   -0.03051   -0.00649    0.00914   -0.01721   -0.00245   -0.21517    0.31865
528722.000000000       -0.00738    0.00780   -0.03516   -0.00509    0.01019   -0.01953   -0.00885   -0.21085    0.31701
528722.267796467       -0.00868    0.01072   -0.04342   -0.00131    0.01106   -0.02345   -0.02376   -0.18451    0.31661
528722.517798109       -0.00868    0.01323   -0.04871    0.00165    0.00953   -0.02291   -0.02698   -0.18211    0.31476
528722.767799752       -0.00708    0.00669   -0.05336    0.00538   -0.00089   -0.02143   -0.01663   -0.17304    0.30586
528723.000000000       -0.00517    0.00619   -0.05492    0.00689   -0.00199   -0.02113   -0.02651   -0.18469    0.30102
528723.267803037       -0.00237    0.00499   -0.05388    0.00820   -0.00407   -0.01781   -0.01664   -0.19976    0.29674
528723.517804679       -0.00008    0.00325   -0.04870    0.00545   -0.00616   -0.01607   -0.01514   -0.23082    0.29085
528723.867806979       -0.00133    0.00788   -0.03921   -0.00055   -0.00116   -0.01073   -0.04002   -0.26217    0.28801
528724.000000000       -0.00070    0.00722   -0.03864   -0.00638    0.00003   -0.00937   -0.03699   -0.25752    0.26458
528724.317809945       -0.00426    0.00676   -0.04534   -0.01583   -0.00257   -0.01000   -0.03716   -0.22849    0.23190
528724.617811925        0.00525    0.00428   -0.05996   -0.02007   -0.00664   -0.01396   -0.02848   -0.16520    0.15761
528724.917813905       -0.00157    0.00165   -0.07157   -0.02181   -0.01377   -0.02197   -0.04337   -0.11632    0.12845
528725.000000000       -0.00326    0.00036   -0.07805   -0.02296   -0.01707   -0.02506   -0.03363   -0.08690    0.11151
528725.317816535        0.00696    0.01285   -0.03077   -0.01410   -0.00644   -0.02600   -0.24198   -0.22236    0.04510
528725.667818835        0.00170    0.00827   -0.04197   -0.01218   -0.01829   -0.03410   -0.24220   -0.19732    0.00723
528726.000000000       -0.00346    0.00005   -0.05451   -0.01205   -0.02889   -0.03929   -0.24108   -0.16834   -0.01483
528726.367823434       -0.00611    0.01105   -0.07065    0.00133   -0.02227   -0.04487   -0.38720   -0.15628   -0.02854
528726.717825733       -0.00612    0.00170   -0.08705    0.00137   -0.02993   -0.04727   -0.37141   -0.12223   -0.04957
528727.000000000       -0.00564   -0.00771   -0.09928    0.00375   -0.03696   -0.04941   -0.34450   -0.10801   -0.06922
528727.367830004       -0.00470   -0.02231   -0.11762    0.00182   -0.04599   -0.05110   -0.29615   -0.09989   -0.09107
528727.767832632       -0.00448   -0.04071   -0.13669   -0.00543   -0.05311   -0.04968   -0.24135   -0.06368   -0.11290
528728.000000000       -0.00411   -0.04965   -0.14785   -0.00244   -0.05809   -0.05246   -0.12508   -0.06552   -0.12473
528728.367836581       -0.00509   -0.06926   -0.16732   -0.00636   -0.06605   -0.05385   -0.04135   -0.03583   -0.14609
528728.767839217       -0.00752   -0.09521   -0.19101   -0.01248   -0.07565   -0.05643    0.03981   -0.02602   -0.16781
528729.000000000       -0.00863   -0.11007   -0.20497   -0.01332   -0.08012   -0.06155    0.13672   -0.05277   -0.17688
528729.517844155       -0.01357   -0.15181   -0.23835   -0.01085   -0.09261   -0.06727    0.18058   -0.04969   -0.19102
528730.017847495       -0.01842   -0.19476   -0.27428   -0.01549   -0.10191   -0.06768    0.22541   -0.03432   -0.20589
528730.517850740       -0.02566   -0.24273   -0.30909   -0.01971   -0.11008   -0.06590    0.23431   -0.03456   -0.21525
528730.967853705       -0.03355   -0.28905   -0.33955   -0.02377   -0.11771   -0.06502    0.22460   -0.03345   -0.22398
528731.367856334       -0.04188   -0.33351   -0.36482   -0.02542   -0.12515   -0.06320    0.21034   -0.04541   -0.23242
528731.717858634       -0.05030   -0.37472   -0.38618   -0.02874   -0.13191   -0.06061    0.21435   -0.02887   -0.23884
528732.067860985       -0.06150   -0.42240   -0.40195   -0.03543   -0.14189   -0.06170    0.24458   -0.03093   -0.23693
528732.417863245        0.03598    0.05193   -0.18364    0.00161   -0.02308   -0.04842    0.25312   -0.48243   -0.12757
528732.767865555        0.03553    0.04219   -0.20042   -0.00353   -0.03160   -0.04653    0.25991   -0.48748   -0.13206
528733.117867862        0.03316    0.02950   -0.21574   -0.00786   -0.04349   -0.04325    0.28733   -0.49099   -0.12961
528733.467870161        0.07207    0.01739   -0.07733   -0.00504   -0.04840   -0.03202    0.24484   -0.74340   -0.19521
528733.867872789        0.06958   -0.00435   -0.08703   -0.00706   -0.05905   -0.02850    0.25536   -0.76091   -0.18838
528734.000000000        0.06827   -0.01241   -0.09118   -0.00955   -0.06414   -0.02919    0.24259   -0.76990   -0.18222
528734.417876411        0.05110   -0.01484   -0.11341   -0.00446   -0.06268   -0.02699    0.21749   -0.76053   -0.11890
528734.917879706        0.04898   -0.04945   -0.12640   -0.00023   -0.07780   -0.01973    0.21018   -0.76919   -0.09259
528735.000000000        0.04892   -0.05625   -0.12675    0.00478   -0.08127   -0.01768    0.19627   -0.78054   -0.08116
528735.517883665        0.04669   -0.06038   -0.12548    0.02025   -0.07303   -0.00659    0.12243   -0.82563   -0.01920
528735.917886305        0.05503   -0.09141   -0.12570    0.02013   -0.07771   -0.00030    0.12256   -0.86015   -0.01253
528736.000000000        0.05631   -0.09870   -0.12428    0.01966   -0.07664    0.00244    0.12175   -0.86327   -0.02101
528736.417889593        0.06173   -0.13109   -0.12153    0.00797   -0.07358    0.01144    0.12954   -0.87256   -0.00995
528736.767891892        0.06370   -0.15660   -0.11588    0.00266   -0.07253    0.01881    0.12542   -0.86701   -0.00262
528737.000000000        0.06275   -0.17465   -0.11004   -0.00162   -0.07115    0.02294    0.12083   -0.86258   -0.00451
528737.267895185        0.06118   -0.19554   -0.10288   -0.00309   -0.07262    0.02865    0.12287   -0.85305   -0.01169
528737.417896175        0.05905   -0.20875   -0.09823   -0.00600   -0.07425    0.03111    0.12209   -0.83804   -0.01915
528737.567897165        0.05738   -0.17748   -0.09343   -0.00649   -0.06105    0.03630    0.08629   -0.83064   -0.00410
528737.667897825        0.05550   -0.18544   -0.08918   -0.00711   -0.06276    0.03829    0.07802   -0.81259   -0.01269
528737.767898485        0.05449   -0.19210   -0.08561   -0.00924   -0.06416    0.03967    0.05834   -0.80964   -0.02047
528737.867899145        0.05456   -0.19689   -0.08131   -0.00765   -0.06601    0.04058    0.03876   -0.80850   -0.02490
528737.967899805        0.05498   -0.20152   -0.07760   -0.00830   -0.06631    0.03747    0.01801   -0.79716   -0.02490
528738.000000000        0.05542   -0.20300   -0.07702   -0.00630   -0.06703    0.03626    0.00892   -0.80271   -0.02147
528738.117900794        0.05402   -0.21337   -0.07315   -0.00144   -0.06906    0.03562   -0.00245   -0.78858   -0.03337
528738.217901453        0.05311   -0.22194   -0.07044   -0.00062   -0.07267    0.03244   -0.00489   -0.77600   -0.04346
528738.317902112        0.05349   -0.22844   -0.06667    0.00099   -0.07502    0.03186   -0.01754   -0.77189   -0.05233
528738.417902771        0.05442   -0.23351   -0.06293    0.00244   -0.07616    0.03085   -0.02054   -0.75808   -0.05897
528738.517903430        0.05594   -0.23852   -0.05918    0.00714   -0.07916    0.03000   -0.03328   -0.75409   -0.06173
528738.617904089        0.05762   -0.24423   -0.05561    0.00842   -0.08189    0.02903   -0.04376   -0.76609   -0.06238
528738.717904748        0.05984   -0.25063   -0.05291    0.01565   -0.08232    0.02705   -0.06598   -0.75575   -0.06688
528738.767905078        0.05388   -0.09763   -0.04547    0.01049   -0.03193    0.02717   -0.08105   -0.77130   -0.00894
528738.817905407        0.05452   -0.09922   -0.04409    0.01454   -0.03269    0.02670   -0.08514   -0.76100   -0.01312
528738.867905737        0.05520   -0.10095   -0.04367    0.01729   -0.03405    0.02301   -0.09987   -0.75524   -0.01775
528738.917906066        0.05580   -0.10303   -0.04363    0.01493   -0.03729    0.01985   -0.11512   -0.75359   -0.02192
528738.967906396        0.05633   -0.10538   -0.04338    0.01427   -0.03987    0.01773   -0.13207   -0.74628   -0.02805
528739.000000000        0.05680   -0.10678   -0.04358    0.01966   -0.04041    0.01898   -0.14367   -0.74533   -0.03170
528739.067907103        0.05826   -0.10953   -0.04249    0.02309   -0.04446    0.01650   -0.16045   -0.74550   -0.03295
528739.117907382        0.05951   -0.11133   -0.04177    0.02715   -0.04495    0.01588   -0.16618   -0.72228   -0.03357
528739.167907710        0.06079   -0.11371   -0.04067    0.02974   -0.04498    0.01782   -0.17861   -0.71033   -0.03545
528739.217908039        0.06204   -0.11693   -0.04146    0.03138   -0.04736    0.01686   -0.20397   -0.69732   -0.03931
528739.267908367        0.06328   -0.12085   -0.04290    0.03001   -0.05152    0.01103   -0.23673   -0.68008   -0.04403
528739.317908696        0.06459   -0.12452   -0.04288    0.03135   -0.05632    0.00764   -0.25805   -0.66371   -0.04959
528739.367909024        0.06605   -0.12857   -0.04424    0.03418   -0.05878    0.00558   -0.28569   -0.66399   -0.05576
528739.417909353        0.06761   -0.13245   -0.04483    0.03403   -0.06323    0.00596   -0.30705   -0.65849   -0.06094
528739.467909681        0.06915   -0.13572   -0.04420    0.03671   -0.06674    0.00638   -0.31271   -0.62185   -0.06378
528739.517910010        0.07089   -0.13885   -0.04319    0.03882   -0.06673    0.00768   -0.31270   -0.59719   -0.06552
528739.567910338        0.07294   -0.14256   -0.04320    0.04320   -0.06938    0.00871   -0.32483   -0.59636   -0.06774
528739.617910667        0.07512   -0.14671   -0.04309    0.04644   -0.07387    0.00605   -0.33733   -0.57870   -0.06650
528739.667910995        0.07743   -0.15092   -0.04351    0.04858   -0.07643    0.00442   -0.34517   -0.56186   -0.06553
528739.717911324        0.08007   -0.15536   -0.04463    0.04996   -0.08134    0.00295   -0.35904   -0.56155   -0.06520
528739.767911652        0.05347   -0.05545   -0.05131    0.03167   -0.03135    0.00644   -0.19293   -0.66729   -0.05384
528739.817911981        0.05537   -0.05718   -0.05191    0.03702   -0.03326    0.00515   -0.21392   -0.63998   -0.05296
528739.867912309        0.05751   -0.05914   -0.05183    0.03979   -0.03590    0.00461   -0.23695   -0.62777   -0.05274
528739.917912638        0.05966   -0.06118   -0.05250    0.04302   -0.03875    0.00307   -0.25250   -0.60808   -0.05047
528739.967912966        0.06214   -0.06380   -0.05296    0.04598   -0.04452    0.00304   -0.28180   -0.56159   -0.04923
528740.000000000        0.06390   -0.06575   -0.05378    0.04650   -0.04963    0.00077   -0.29873   -0.56282   -0.04812
528740.067913673        0.06754   -0.07006   -0.05552    0.05048   -0.05541   -0.00025   -0.32066   -0.53417   -0.04908
528740.117913952        0.07045   -0.07372   -0.05531    0.05577   -0.06002   -0.00237   -0.33654   -0.50118   -0.04786
528740.167914280        0.07357   -0.07764   -0.05587    0.05694   -0.06479   -0.00252   -0.35253   -0.47137   -0.04679
528740.267914937        0.07989   -0.08511   -0.05626    0.06450   -0.07243   -0.00120   -0.36917   -0.43829   -0.04292
528740.317915266        0.08348   -0.08960   -0.05629    0.06793   -0.07623   -0.00063   -0.37875   -0.41350   -0.04088
528740.367915594        0.08722   -0.09382   -0.05623    0.07286   -0.07969   -0.00109   -0.38372   -0.41604   -0.03856
528740.417915923        0.09105   -0.09795   -0.05591    0.07704   -0.08216   -0.00298   -0.38540   -0.41328   -0.03740
528740.467916251        0.09471   -0.10165   -0.05569    0.08116   -0.08306   -0.00051   -0.38130   -0.39548   -0.03640
528740.517916580        0.09865   -0.10548   -0.05489    0.08516   -0.08513    0.00005   -0.37692   -0.38633   -0.03546
528740.567916908        0.10273   -0.10918   -0.05454    0.09215   -0.08388    0.00177   -0.37449   -0.38378   -0.03412
528740.617917237        0.10700   -0.11285   -0.05343    0.09530   -0.08532    0.00174   -0.37294   -0.36288   -0.03160
528740.667917565        0.11156   -0.11686   -0.05285    0.09717   -0.08979    0.00123   -0.36915   -0.35291   -0.02963
528740.717917894        0.11598   -0.12026   -0.05238    0.10002   -0.08991    0.00182   -0.36207   -0.36882   -0.02929
528740.767918222        0.04465   -0.04902   -0.07259    0.04735   -0.02634    0.00710   -0.15101   -0.53597   -0.05638
528740.817918551        0.04746   -0.05105   -0.07207    0.05138   -0.02900    0.00666   -0.15827   -0.51211   -0.05552
528740.867918879        0.05039   -0.05314   -0.07221    0.05431   -0.03144    0.00667   -0.16123   -0.50242   -0.05371
528740.917919208        0.05356   -0.05550   -0.07203    0.05697   -0.03518    0.00717   -0.16679   -0.48302   -0.05171
528740.967919536        0.05687   -0.05784   -0.07141    0.06174   -0.03780    0.00706   -0.16929   -0.46305   -0.04950
528741.000000000        0.05899   -0.05926   -0.07138    0.06363   -0.03733    0.00886   -0.16934   -0.46051   -0.04854
528741.067920245        0.06373   -0.06216   -0.07081    0.07008   -0.03852    0.00739   -0.17237   -0.45227   -0.04610
528741.117920525        0.06759   -0.06470   -0.07041    0.07218   -0.04123    0.00563   -0.17446   -0.43825   -0.04458
528741.167920855        0.07133   -0.06698   -0.06982    0.07544   -0.04303    0.00626   -0.17403   -0.42383   -0.04283
528741.217921185        0.07559   -0.06983   -0.07000    0.08018   -0.04571    0.00673   -0.17446   -0.41029   -0.04113
528741.267921515        0.07985   -0.07237   -0.06875    0.08342   -0.04621    0.00692   -0.17522   -0.40420   -0.03807
528741.317921845        0.08493   -0.07576   -0.06829    0.08834   -0.04849    0.00728   -0.17704   -0.38421   -0.03453
528741.367922175        0.08961   -0.07854   -0.06731    0.09285   -0.05058    0.00793   -0.17696   -0.37122   -0.03192
528741.417922505        0.09429   -0.08107   -0.06687    0.09690   -0.05152    0.00902   -0.17673   -0.37104   -0.03045
528741.467922835        0.09905   -0.08347   -0.06556    0.10124   -0.05139    0.01036   -0.17487   -0.36405   -0.02871
528741.567923495        0.06093   -0.05156   -0.08009    0.06586   -0.02615    0.01174   -0.08044   -0.41833   -0.05596
528741.667924155        0.06852   -0.05509   -0.07871    0.07290   -0.03099    0.01223   -0.07926   -0.39779   -0.05382
528741.767924815        0.07698   -0.05901   -0.07832    0.08063   -0.03271    0.01330   -0.07894   -0.39177   -0.05170
528741.867925475        0.08551   -0.06277   -0.07699    0.08665   -0.03522    0.01431   -0.07991   -0.36717   -0.05168
528741.967926135        0.09532   -0.06715   -0.07745    0.09392   -0.04022    0.01403   -0.08060   -0.35177   -0.05311
528742.000000000        0.09803   -0.06838   -0.07890    0.09550   -0.04250    0.01451   -0.07469   -0.34621   -0.05668
528742.117927122        0.10925   -0.07314   -0.07880    0.10357   -0.04248    0.01243   -0.06583   -0.32250   -0.05473
528742.217927779        0.03859   -0.01403   -0.09714    0.04073   -0.01299    0.01604    0.04760   -0.40625   -0.10219
528742.317928436        0.04146   -0.01372   -0.09953    0.04411   -0.01458    0.01457    0.05968   -0.40048   -0.09936
528742.467929422        0.04690   -0.01431   -0.10249    0.04763   -0.01760    0.01383    0.06843   -0.38168   -0.09536
528742.617930407        0.05281   -0.01540   -0.10500    0.05191   -0.01623    0.01191    0.07348   -0.36694   -0.09034
528742.817931721        0.06108   -0.01773   -0.10539    0.05720   -0.02079    0.01012    0.08433   -0.36171   -0.08624
528743.000000000        0.06666   -0.01924   -0.10744    0.06041   -0.02180    0.00945    0.09986   -0.37027   -0.08681
528743.417935675        0.08998   -0.02760   -0.10632    0.07256   -0.02610    0.00682    0.10354   -0.36495   -0.08589
528743.917938975        0.12227   -0.03881   -0.10726    0.08508   -0.03331    0.00711    0.09770   -0.37908   -0.08824
528744.367941942        0.15031   -0.04954   -0.10503    0.09810   -0.03648    0.00753    0.11458   -0.41932   -0.09585
528744.567943260        0.15309   -0.05024   -0.10539    0.08883   -0.03098    0.01055    0.11462   -0.39647   -0.09405
528744.967945896        0.19080   -0.06497   -0.10163    0.09911   -0.04156    0.01117    0.12559   -0.40196   -0.10600
528745.000000000        0.19302   -0.06633   -0.10183    0.09889   -0.03864    0.01106    0.12712   -0.40013   -0.10600
528745.367948525        0.23068   -0.08099   -0.09706    0.10533   -0.04407    0.01815    0.11792   -0.43074   -0.10729
528745.717950824        0.26986   -0.09580   -0.09293    0.11778   -0.04510    0.02058    0.13191   -0.39572   -0.11348
528745.967952467        0.30002   -0.10759   -0.08845    0.11875   -0.04545    0.01581    0.14159   -0.40999   -0.11112
528746.000000000        0.30166   -0.10776   -0.08785    0.11940   -0.04271    0.01128    0.13995   -0.36237   -0.11093
528746.317954776        0.33532   -0.12012   -0.08375    0.12960   -0.04697    0.01708    0.13686   -0.41375   -0.11815
528746.667957086        0.37100   -0.13269   -0.07899    0.13559   -0.04801    0.01265    0.15162   -0.40618   -0.12296
528746.967959066        0.38487   -0.13422   -0.07389    0.13589   -0.04415    0.01459    0.16247   -0.41294   -0.12502
528747.000000000        0.38749   -0.13478   -0.07394    0.13508   -0.04487    0.01360    0.16349   -0.40573   -0.12398
528747.367961702        0.44747   -0.15500   -0.06771    0.14726   -0.04614    0.01640    0.14695   -0.40713   -0.13005
528747.667963679        0.49651   -0.17022   -0.06395    0.15489   -0.04659    0.01146    0.13834   -0.39089   -0.13080
528747.967965656        0.69089   -0.25994   -0.06373    0.20327   -0.06578    0.00803    0.11489   -0.38341   -0.10742
528748.000000000        0.69444   -0.26026   -0.06368    0.20213   -0.06568    0.00664    0.11673   -0.38506   -0.10797
528748.317967959        0.76448   -0.28295   -0.06237    0.21491   -0.07192    0.00110    0.12890   -0.39646   -0.11618
528748.617969933        0.83803   -0.30709   -0.06220    0.22956   -0.07163   -0.00018    0.13375   -0.40553   -0.11953
528748.867971578        0.90364   -0.32854   -0.06178    0.23769   -0.07603    0.00436    0.13023   -0.40519   -0.12606
528749.000000000        0.94335   -0.34224   -0.06074    0.24293   -0.07678    0.00707    0.12779   -0.39955   -0.13108
528749.267974213        0.99526   -0.35684   -0.05796    0.24883   -0.07901    0.01309    0.13825   -0.40733   -0.13638
528749.567976190        1.05645   -0.37388   -0.05296    0.25626   -0.07862    0.01574    0.15304   -0.40042   -0.14010
528749.867978167        1.12820   -0.39530   -0.04847    0.26394   -0.08133    0.01765    0.16438   -0.39243   -0.15143
528750.117979816        1.17648   -0.40747   -0.04408    0.26626   -0.08182    0.01900    0.16664   -0.39230   -0.15685
528750.367981466        1.22374   -0.41909   -0.03992    0.26806   -0.08161    0.01808    0.17042   -0.38030   -0.16631
528750.617983116        1.28153   -0.43655   -0.03509    0.27381   -0.08391    0.01753    0.17186   -0.38931   -0.17612
528750.867984766        1.27364   -0.42365   -0.03069    0.26272   -0.08471    0.01547    0.17874   -0.38771   -0.18438
528751.167986741        1.30006   -0.42522   -0.02441    0.26109   -0.08375    0.01709    0.17195   -0.36944   -0.18587
528751.567989369        1.40788   -0.46126   -0.01703    0.27167   -0.09344    0.01852    0.17141   -0.35907   -0.20045
528751.817991011        1.35829   -0.43153   -0.01013    0.25252   -0.09000    0.01862    0.17641   -0.35396   -0.20203
528752.067992655        1.40511   -0.44656   -0.00554    0.25671   -0.09324    0.01889    0.17163   -0.32720   -0.20499
528752.317994303        1.46314   -0.46751   -0.00085    0.26311   -0.09504    0.01736    0.16631   -0.33168   -0.20398
528752.567995950        1.50262   -0.47921    0.00366    0.26581   -0.09579    0.01554    0.17161   -0.33377   -0.20526
528752.817997598        1.55198   -0.49601    0.00704    0.26969   -0.09918    0.01308    0.17519   -0.32400   -0.19808
528753.067999246        1.60496   -0.51384    0.01060    0.27701   -0.10122    0.01615    0.17708   -0.32433   -0.19455
528753.368001226        1.70574   -0.55351    0.01481    0.28731   -0.11061    0.01413    0.18692   -0.31625   -0.19508
528753.618002876        1.76759   -0.57671    0.01921    0.29627   -0.11349    0.01429    0.19561   -0.30270   -0.18551
528753.868004526        1.80959   -0.59019    0.02258    0.29789   -0.11827    0.01224    0.18901   -0.30169   -0.18029
528754.068005845        1.83049   -0.59566    0.02520    0.29867   -0.11903    0.01120    0.19057   -0.29723   -0.18040
528754.318007493        1.88231   -0.61417    0.02756    0.30240   -0.12063    0.01049    0.18760   -0.32110   -0.18091
528754.568009140        1.93525   -0.63300    0.02912    0.30812   -0.12299    0.00534    0.18987   -0.28396   -0.18144
528754.818010788        1.99062   -0.65330    0.03060    0.31279   -0.12591    0.00567    0.17468   -0.27670   -0.18488
528755.068012486        2.02053   -0.66065    0.03298    0.31451   -0.12489    0.00828    0.16900   -0.27808   -0.18743
528755.318014086        2.04220   -0.66248    0.03680    0.31615   -0.12695    0.00858    0.16461   -0.26842   -0.18914
528755.568015736        2.02629   -0.64483    0.04084    0.31194   -0.12257    0.01104    0.16222   -0.25812   -0.19196
528755.818017386        2.03039   -0.63745    0.04486    0.31157   -0.12027    0.01089    0.15436   -0.25264   -0.19663
528756.068019035        2.00495   -0.61455    0.04921    0.30657   -0.11939    0.01070    0.15121   -0.25503   -0.20039
528756.318020683        1.93386   -0.56800    0.05422    0.29554   -0.11227    0.00625    0.15787   -0.24831   -0.20300
528756.568022330        1.83419   -0.50672    0.05892    0.28317   -0.10368    0.00532    0.16586   -0.24235   -0.20125
528756.818023978        1.74369   -0.44916    0.06244    0.27121   -0.09374    0.00375    0.17028   -0.25726   -0.20143
528757.068025674        1.67911   -0.40417    0.06549    0.26210   -0.08909    0.00305    0.17744   -0.25374   -0.19600
528757.368027595        1.59949   -0.34780    0.06866    0.25109   -0.08155    0.00023    0.17954   -0.25142   -0.19832
528757.618029238        1.49349   -0.27912    0.07214    0.23729   -0.07531   -0.00001    0.18227   -0.26153   -0.20368
528757.868030880        1.40248   -0.21793    0.07516    0.22540   -0.06862    0.00167    0.18298   -0.26180   -0.21243
528758.168032856        1.41755   -0.21036    0.07649    0.22846   -0.06874    0.00276    0.17893   -0.25724   -0.21372
528758.468034836        1.55879   -0.26907    0.07655    0.24645   -0.07848    0.00231    0.17211   -0.24009   -0.21762
528758.768036816        1.57427   -0.26143    0.07783    0.24926   -0.08153    0.00222    0.17543   -0.23266   -0.22753
528759.018038516        1.55196   -0.23636    0.07990    0.24929   -0.07966    0.00083    0.18537   -0.22883   -0.23174
528759.318040446        1.59668   -0.24329    0.08117    0.25819   -0.08405    0.00012    0.18828   -0.20808   -0.23189
528759.668042756        1.71919   -0.28820    0.08083    0.27910   -0.09800   -0.00151    0.19153   -0.19409   -0.23664
528759.968044736        1.82798   -0.32936    0.08004    0.29521   -0.10591   -0.00287    0.19429   -0.18268   -0.24861
528760.268046713        1.88669   -0.34416    0.07930    0.30640   -0.11312   -0.00573    0.19944   -0.18176   -0.26263
528760.618049020        1.97406   -0.37228    0.07744    0.32060   -0.12010   -0.00692    0.20447   -0.17435   -0.27543
528760.968051327        2.05989   -0.39902    0.07534    0.33530   -0.12574   -0.00876    0.20233   -0.16201   -0.28812
528761.318053636        2.15003   -0.42748    0.07280    0.35101   -0.13247   -0.00762    0.19613   -0.14374   -0.30264
528761.668055946        2.26160   -0.46508    0.07126    0.36716   -0.14057   -0.00630    0.19551   -0.14010   -0.31738
528761.968057926        2.32093   -0.47939    0.07004    0.37340   -0.14781   -0.00534    0.20560   -0.14500   -0.33147
528762.268059904        2.44196   -0.53012    0.06917    0.38713   -0.15696   -0.00304    0.20999   -0.13933   -0.33131
528762.568061881        2.67475   -0.63872    0.06888    0.41175   -0.16935    0.00041    0.21524   -0.13233   -0.33749
528762.968064517        2.82374   -0.69718    0.06627    0.43166   -0.17863    0.00243    0.21684   -0.11122   -0.36076
528763.318066826        3.40243   -0.99001    0.06779    0.47893   -0.20016    0.00209    0.19931   -0.09637   -0.35999
528763.718069466        2.67913   -0.57413    0.07390    0.42741   -0.17211    0.00322    0.20745   -0.08930   -0.42011
528764.118072109        2.72004   -0.56382    0.08322    0.43159   -0.17816    0.00113    0.20754   -0.07085   -0.44377
528764.468074426        2.83140   -0.60696    0.08468    0.44489   -0.18377   -0.00066    0.20848   -0.05837   -0.45997
528764.768076412        2.91068   -0.63205    0.08508    0.45378   -0.18504   -0.00595    0.21476   -0.04412   -0.46918
528765.118078725        3.03570   -0.67836    0.08307    0.46635   -0.18943   -0.01047    0.21682   -0.04359   -0.48367
528765.468081032        3.14653   -0.71544    0.07995    0.47767   -0.19085   -0.01557    0.22876   -0.04940   -0.48937
528765.868083668        3.26577   -0.74978    0.07371    0.48914   -0.19578   -0.02071    0.24594   -0.03970   -0.49902
528766.168085646        3.30912   -0.74943    0.07015    0.49195   -0.19817   -0.02169    0.25580   -0.04069   -0.50710
528766.468087626        3.29549   -0.72178    0.06523    0.49263   -0.20087   -0.02229    0.25897   -0.03921   -0.52008
528766.818089936        3.33318   -0.72293    0.05880    0.49772   -0.20490   -0.02410    0.26795   -0.04446   -0.53172
528767.168092245        3.18484   -0.62758    0.05287    0.48457   -0.20020   -0.02517    0.27456   -0.04793   -0.53911
528767.468094222        2.84001   -0.42991    0.04809    0.45437   -0.18122   -0.02711    0.27581   -0.06585   -0.53613
528767.768096199        2.23035   -0.08693    0.04564    0.40510   -0.15414   -0.02821    0.29115   -0.08212   -0.53155
528768.118098507        2.00990    0.05392    0.03949    0.38433   -0.14272   -0.02822    0.29152   -0.09588   -0.52534
528768.568101477       -0.37702    0.30640   -0.06701    0.25117   -0.11256   -0.03063    0.30502   -0.02477    0.15530
528768.918103787       -0.27375    0.25595   -0.07589    0.25572   -0.11661   -0.02983    0.29521   -0.01912    0.17199
528769.218105764       -0.18470    0.21452   -0.08199    0.25282   -0.11916   -0.03499    0.30675   -0.07543    0.17985
528769.468107412       -0.17016    0.13509   -0.06554    0.15499   -0.06657   -0.02393    0.27135   -0.06507    0.25780
528769.818109718       -0.10898    0.10882   -0.07256    0.16001   -0.07186   -0.02516    0.28088   -0.08126    0.25574
528770.000000000       -0.07361    0.09182   -0.07508    0.15590   -0.06996   -0.01739    0.28113   -0.17490    0.26093
528770.418113685       -0.04050    0.05509   -0.06235    0.07036   -0.02777   -0.01997    0.28884   -0.20093    0.29583
528770.768116002       -0.01385    0.04352   -0.06931    0.07143   -0.02982   -0.01987    0.29362   -0.19836    0.30070
528771.000000000        0.00294    0.03658   -0.07350    0.07443   -0.02911   -0.02002    0.30071   -0.21422    0.30120
528771.318119637       -0.00652    0.03171   -0.06458    0.03142   -0.01300   -0.01925    0.30230   -0.22877    0.31843
528771.668121947        0.00372    0.02617   -0.07076    0.03285   -0.01821   -0.01740    0.29940   -0.22586    0.31949
528772.000000000        0.01515    0.01987   -0.07560    0.03822   -0.01901   -0.01721    0.29702   -0.21563    0.31928
528772.418126893       -0.00077    0.02034   -0.07011    0.01940   -0.01252   -0.01673    0.30605   -0.24966    0.32392
528772.818129529        0.00826    0.01378   -0.07638    0.02624   -0.01763   -0.01838    0.30171   -0.24214    0.32627
528773.000000000        0.01314    0.01042   -0.08002    0.02940   -0.01846   -0.01840    0.29778   -0.24555    0.32745
528773.468133817       -0.00287    0.02144   -0.05511    0.01375   -0.01042   -0.01934    0.30444   -0.27201    0.32453
528773.868136457        0.00313    0.01634   -0.06264    0.01679   -0.01328   -0.01864    0.29517   -0.27405    0.32469
528774.000000000        0.00539    0.01462   -0.06541    0.01752   -0.01374   -0.01984    0.29163   -0.27197    0.32575
