528716.995067497      245.27821  -88.88396    1.71481    0.76443    2.55235    0.00681    1.46082    1.12533   71.89828
528717.000000000      245.28198  -88.87137    1.71484    0.76439    2.55299    0.00669    1.46350    1.12667   71.89466
528717.017762034      245.27851  -88.82283    1.70965    0.75513    2.55849   -0.01761    1.48017    1.28978   72.76115
528717.317763915      245.51174  -88.04925    1.70417    0.79524    2.60491   -0.01525    1.46297    1.42172   72.50836
528717.617765886      245.75380  -87.25947    1.69732    0.82270    2.66795   -0.03254    1.42455    1.47380   72.26510
528717.967768185      246.06331  -86.30104    1.69075    0.88337    2.76476   -0.03799    1.45960    1.50346   71.64863
528718.000000000      246.09137  -86.21444    1.68966    0.89088    2.77145   -0.03934    1.45335    1.48588   71.62555
528718.267770162      246.33513  -85.46600    1.67801    0.93028    2.82811   -0.04500    1.38402    1.42882   71.42726
528718.617772468      246.66516  -84.46285    1.66321    0.96139    2.90485   -0.04489    1.32743    1.42155   71.24409
528718.967774775      247.01477  -83.45428    1.63823    0.98583    2.93199   -0.04892    1.30158    1.39750   70.95641
528719.000000000      247.04700  -83.35988    1.63625    0.98686    2.93416   -0.04506    1.30401    1.39567   70.95608
528719.317777075      247.36129  -82.41980    1.62312    0.99335    2.96902   -0.04435    1.30255    1.29351   71.01425
528719.567778718      247.61030  -81.67625    1.61347    1.00183    2.99702   -0.03754    1.25023    1.33888   71.05883
528719.817780360      247.86927  -80.91708    1.64922    0.99411    3.05799   -0.01928    1.26471    1.03141   71.04531
528720.000000000      248.05164  -80.35530    1.64557    1.00537    3.08736   -0.01711    1.36971    0.89905   71.09308
528720.267783319      248.32718  -79.51906    1.64117    1.05690    3.16464   -0.03733    1.37887    0.80435   71.14625
528720.517784964      248.59283  -78.72170    1.63408    1.04942    3.21794   -0.01251    1.30870    0.80107   71.20479
528720.767786609      248.85784  -77.90797    1.64562    1.05626    3.25991    0.00937    1.42144    0.95999   71.19010
528721.000000000      249.10669  -77.14563    1.64612    1.09023    3.29561   -0.00314    1.49472    1.11685   71.11381
528721.267789897      249.40262  -76.25544    1.64238    1.10934    3.35351   -0.02365    1.46627    1.16998   71.01514
528721.517791539      249.68141  -75.41318    1.63620    1.12726    3.38963   -0.02463    1.50423    1.14725   70.84633
528721.767793182      249.96288  -74.56023    1.64595    1.14460    3.43568   -0.02467    1.59892    1.03708   70.66222
528722.000000000      250.23358  -73.76038    1.64084    1.18091    3.44619   -0.01253    1.58389    0.96521   70.41970
528722.267796467      250.55150  -72.83223    1.63358    1.20769    3.47252   -0.02691    1.58954    1.06530   70.09397
528722.517798109      250.85451  -71.96374    1.62929    1.23519    3.47253   -0.00591    1.61043    1.38535   69.81401
528722.767799752      251.16894  -71.10376    1.62764    1.27129    3.46966   -0.02952    1.48969    1.65250   69.52670
528723.000000000      251.46166  -70.30097    1.62108    1.25089    3.44801   -0.04813    1.47088    1.67253   69.31069
528723.267803037      251.80083  -69.38503    1.61057    1.27375    3.39338   -0.06781    1.44519    1.52390   69.05938
528723.517804679      252.11794  -68.54405    1.60730    1.25845    3.33429   -0.03098    1.36429    1.39969   68.84010
528723.867806979      252.55166  -67.38347    1.61079    1.23590    3.25884   -0.03873    1.29016    1.34440   68.53884
528724.000000000      252.71459  -66.95605    1.60736    1.20962    3.21203   -0.02837    1.28059    1.27931   68.39877
528724.317809945      253.09328  -65.95424    1.59766    1.17662    3.09234   -0.02000    1.26802    1.28940   68.12008
528724.617811925      253.45536  -65.04468    1.58004    1.15138    2.98072   -0.01951    1.25395    1.30109   67.83186
528724.917813905      253.79149  -64.17111    1.56843    1.09209    2.84813   -0.02342    1.20918    1.33469   67.63521
528725.000000000      253.88049  -63.93834    1.56195    1.07704    2.81493   -0.02406    1.24128    1.36086   67.58713
528725.317816535      254.23647  -63.04791    1.61023    1.05135    2.70601   -0.02100    1.02520    1.24364   67.39768
528725.667818835      254.60197  -62.11830    1.60403    1.02872    2.62271   -0.02610    0.98259    1.40916   67.30700
528726.000000000      254.93836  -61.25806    1.59349    1.00495    2.55211   -0.02629    0.99559    1.45861   67.42432
528726.367823434      255.30037  -60.30838    1.58035    0.96323    2.49673   -0.03687    0.80940    1.52948   67.89390
528726.717825733      255.62568  -59.44789    1.56650    0.90547    2.42042   -0.03082    0.88783    1.69549   68.41473
528727.000000000      255.87746  -58.77108    1.55772    0.87275    2.37204   -0.03641    0.91913    1.79215   68.82272
528727.367830004      256.19289  -57.91378    1.54338    0.82762    2.30111   -0.04145    0.88237    1.94406   69.45937
528727.767832632      256.50978  -57.00398    1.52586    0.74232    2.24579   -0.04778    1.01908    1.89799   70.17116
528728.000000000      256.68573  -56.48666    1.51615    0.75756    2.18091   -0.03946    1.11988    1.89465   70.55907
528728.367836581      256.94850  -55.69325    1.49968    0.67409    2.11440   -0.05195    1.17993    1.92332   71.17330
528728.767839217      257.21275  -54.86800    1.48399    0.59828    2.01769   -0.04409    1.22455    2.01557   71.68750
528729.000000000      257.35634  -54.40480    1.47403    0.62368    1.94788   -0.04055    1.38817    2.08042   71.87698
528729.517844155      257.66415  -53.42602    1.44865    0.57183    1.81694   -0.05416    1.39884    2.20393   72.05346
528730.017847495      257.94367  -52.52881    1.42272    0.55196    1.78609   -0.05023    1.44264    2.30393   72.14092
528730.517850740      258.22551  -51.61963    1.39546    0.56774    1.81992   -0.05390    1.44782    2.23042   72.12964
528730.967853705      258.48526  -50.79294    1.37045    0.59034    1.83129   -0.04947    1.41479    2.08323   71.82801
528731.367856334      258.72125  -50.06424    1.35118    0.57303    1.77230   -0.03820    1.36966    2.21045   71.38744
528731.717858634      258.92816  -49.44054    1.33682    0.60370    1.76953   -0.03972    1.36010    2.56232   70.89603
528732.067860985      259.14007  -48.82289    1.32605    0.60268    1.75511   -0.03359    1.34305    2.70955   70.38783
528732.417863245      259.46767  -47.68282    1.55436    0.67061    1.88548   -0.03353    1.32145    2.51714   70.02417
528732.767865555      259.70314  -47.02091    1.52858    0.67891    1.88596   -0.10264    1.36546    2.42610   69.49966
528733.117867862      259.94441  -46.36345    1.50726    0.72303    1.87451   -0.04392    1.41552    2.36649   68.91794
528733.467870161      260.24425  -45.69815    1.63967    0.74040    1.91416   -0.04402    1.20315    2.15981   68.17463
528733.867872789      260.55498  -44.91439    1.62197    0.80850    2.01751   -0.06106    1.27934    2.20497   67.37835
528734.000000000      260.66409  -44.64660    1.61382    0.85345    2.03386   -0.06519    1.26859    2.18631   67.11985
528734.417876411      261.02167  -43.75243    1.57803    0.92854    2.12744   -0.06411    1.08240    2.36673   66.44000
528734.917879706      261.50204  -42.65364    1.53904    1.01089    2.23832   -0.05173    1.00375    2.53663   65.78125
528735.000000000      261.58592  -42.46981    1.53625    1.03078    2.25173   -0.04568    0.92464    2.61155   65.69611
528735.517883665      262.13191  -41.21407    1.50096    1.11869    2.45153   -0.09903    0.81753    2.24053   65.38940
528735.917886305      262.58096  -40.22295    1.46574    1.16769    2.50941   -0.09874    0.93527    1.89849   65.35629
528736.000000000      262.67738  -40.01738    1.45872    1.17766    2.51936   -0.10256    0.86741    1.78117   65.40322
528736.417889593      263.14576  -38.95191    1.43247    1.12309    2.57530   -0.03456    1.11306    1.92075   65.76039
528736.767891892      263.53819  -38.04071    1.41712    1.08766    2.63315   -0.07519    1.15845    2.14848   66.48927
528737.000000000      263.78693  -37.43072    1.40396    1.06438    2.62985   -0.05406    1.21714    2.18687   67.42791
528737.267895185      264.06328  -36.72441    1.38612    0.97179    2.65094   -0.06335    1.11390    2.17971   68.85047
528737.417896175      264.20109  -36.33064    1.37621    0.90444    2.61775   -0.06045    1.21318    2.30025   69.83481
528737.567897165      264.33846  -35.89271    1.36757    0.91639    2.67751   -0.05570    1.03160    2.33420   71.16043
528737.667897825      264.42531  -35.62679    1.36282    0.83508    2.67280   -0.04659    0.91038    2.24497   72.15975
528737.767898485      264.50322  -35.36010    1.35839    0.73264    2.67328   -0.03977    0.88184    2.26523   73.19257
528737.867899145      264.57488  -35.08970    1.35469    0.68323    2.70755   -0.04398    0.92274    2.24761   74.24686
528737.967899805      264.64242  -34.81519    1.35040    0.67095    2.73213   -0.03297    0.96625    2.04136   75.35135
528738.000000000      264.66511  -34.72681    1.34898    0.69870    2.73297   -0.03274    0.90553    1.95414   75.73111
528738.117900794      264.74117  -34.40639    1.34285    0.59219    2.72982   -0.05707    0.74243    1.58117   77.21938
528738.217901453      264.79340  -34.13738    1.33556    0.47657    2.67477   -0.07856    0.72255    1.37013   78.57707
528738.317902112      264.83288  -33.87053    1.32633    0.32674    2.64298   -0.11314    0.85700    1.26957   80.04052
528738.417902771      264.86661  -33.60602    1.31651    0.33731    2.60071   -0.08402    0.94239    1.19106   81.56110
528738.517903430      264.89998  -33.34552    1.31226    0.28333    2.55871   -0.02787    0.84701    1.18264   83.23011
528738.617904089      264.92499  -33.08881    1.31039    0.21486    2.53011   -0.02297    0.73752    1.20165   84.97032
528738.717904748      264.93881  -32.83405    1.30709    0.03027    2.52755   -0.04139    0.74143    1.16162   86.77270
528738.767905078      264.93253  -32.55107    1.31097   -0.01195    2.55551   -0.03896    0.84179    1.10029   87.75609
528738.817905407      264.93164  -32.42379    1.30891   -0.02871    2.53362   -0.04386    0.86490    1.06620   88.68340
528738.867905737      264.92912  -32.29779    1.30577   -0.06822    2.50626   -0.04543    0.86757    1.04539   89.62622
528738.917906066      264.92464  -32.17345    1.30337   -0.09407    2.48115   -0.01690    0.90197    1.06769   90.58588
528738.967906396      264.92006  -32.05034    1.30262   -0.08348    2.46000    0.03211    0.86647    1.13191   91.56338
528739.000000000      264.91755  -31.97167    1.30342   -0.08234    2.44659    0.04998    0.79958    1.18974   92.19670
528739.067907103      264.90985  -31.80628    1.30551   -0.15585    2.42610    0.02294    0.63477    1.30725   93.53756
528739.117907382      264.90023  -31.68466    1.30723   -0.21905    2.42305    0.02944    0.59027    1.35912   94.53981
528739.167907710      264.88690  -31.56389    1.30833   -0.29546    2.41733    0.00969    0.61548    1.41160   95.56494
528739.217908039      264.86975  -31.44459    1.30654   -0.37382    2.38995   -0.01752    0.66204    1.42310   96.59847
528739.267908367      264.84918  -31.32720    1.30310   -0.43624    2.36279   -0.03410    0.71240    1.42389   97.62095
528739.317908696      264.82599  -31.21060    1.30012   -0.48590    2.33868   -0.04423    0.77771    1.43321   98.63875
528739.367909024      264.80028  -31.09525    1.29676   -0.53577    2.31853   -0.04373    0.87635    1.45264   99.65197
528739.417909353      264.77236  -30.98090    1.29417   -0.56410    2.29264   -0.03760    1.00633    1.48495  100.66280
528739.467909681      264.74351  -30.86664    1.29180   -0.57342    2.28139   -0.06018    1.09174    1.48349  101.67845
528739.517910010      264.71475  -30.75238    1.28881   -0.56974    2.28114   -0.07088    1.11315    1.44287  102.71273
528739.567910338      264.68631  -30.63894    1.28480   -0.57662    2.26593   -0.07498    1.09676    1.40375  103.77572
528739.617910667      264.65656  -30.52688    1.28091   -0.60738    2.24057   -0.06382    1.08837    1.36669  104.84865
528739.667910995      264.62554  -30.41581    1.27749   -0.63868    2.21388   -0.04732    1.03648    1.34144  105.90594
528739.717911324      264.59297  -30.30636    1.27437   -0.68404    2.18310   -0.03205    0.93976    1.33950  106.93816
528739.767911652      264.52881  -30.09379    1.26569   -0.74233    2.20821   -0.02400    1.04032    1.21863  107.99276
528739.817911981      264.49104  -29.98395    1.26409   -0.78037    2.18461   -0.02272    0.97824    1.21774  109.05393
528739.867912309      264.45060  -29.87616    1.26217   -0.83716    2.14071   -0.02839    0.95826    1.22856  110.12176
528739.917912638      264.40722  -29.77043    1.26050   -0.88937    2.09843   -0.02037    0.96516    1.24246  111.18944
528739.967912966      264.36167  -29.66733    1.25848   -0.94097    2.05422   -0.02052    0.97645    1.28658  112.25462
528740.000000000      264.33128  -29.60221    1.25622   -0.96550    2.03837   -0.03423    1.00167    1.32533  112.94284
528740.067913673      264.26482  -29.46541    1.25248   -0.99421    2.01759   -0.04981    1.06685    1.31641  114.41210
528740.117913952      264.21486  -29.36567    1.24969   -1.01562    1.99929   -0.04668    1.06400    1.29088  115.49348
528740.167914280      264.16341  -29.26721    1.24713   -1.05219    1.97152   -0.03926    1.06235    1.27311  116.56203
528740.267914937      264.05611  -29.07291    1.24374   -1.09519    1.93244   -0.02276    1.03836    1.23545  118.66920
528740.317915266      264.00134  -28.97741    1.24271   -1.11020    1.91351   -0.01763    0.96294    1.20496  119.72311
528740.367915594      263.94545  -28.88266    1.24177   -1.13883    1.88418   -0.02265    0.90152    1.18273  120.79512
528740.417915923      263.88774  -28.78935    1.24109   -1.17265    1.84915   -0.01829    0.86621    1.16176  121.87565
528740.467916251      263.82771  -28.69756    1.24131   -1.21510    1.80468   -0.01551    0.85066    1.15628  122.94733
528740.517916580      263.76576  -28.60788    1.24111   -1.25067    1.77317   -0.01838    0.84456    1.16615  124.00728
528740.567916908      263.70212  -28.51906    1.24046   -1.28950    1.74860   -0.02693    0.83043    1.15800  125.06450
528740.617917237      263.63614  -28.43176    1.23957   -1.34022    1.71229   -0.03483    0.85096    1.11835  126.11821
528740.667917565      263.56834  -28.34631    1.23815   -1.36596    1.68564   -0.03677    0.89096    1.08005  127.17003
528740.717917894      263.49940  -28.26121    1.23662   -1.37855    1.66952   -0.03175    0.90655    1.04581  128.22183
528740.767918222      263.35357  -28.10263    1.21541   -1.45478    1.70596   -0.02533    1.11529    0.83608  129.24901
528740.817918551      263.28053  -28.01884    1.21393   -1.47888    1.67230   -0.02521    1.10572    0.82869  130.29923
528740.867918879      263.20633  -27.93654    1.21279   -1.50282    1.64486   -0.01533    1.09278    0.83007  131.34277
528740.917919208      263.13093  -27.85553    1.21197   -1.52860    1.62325   -0.00740    1.05664    0.82896  132.38143
528740.967919536      263.05399  -27.77574    1.21159   -1.56296    1.58877   -0.00794    1.03169    0.81687  133.41857
528741.000000000      263.00369  -27.72515    1.21162   -1.58137    1.57467   -0.00114    1.02892    0.80614  134.08373
528741.067920245      262.89519  -27.62041    1.21119   -1.62131    1.51965   -0.00518    1.02993    0.78340  135.46826
528741.117920525      262.81374  -27.54569    1.21059   -1.64852    1.48851   -0.00837    1.04084    0.77782  136.46448
528741.167920855      262.73067  -27.47186    1.21018   -1.67613    1.47384   -0.00917    1.04056    0.76253  137.43880
528741.217921185      262.64666  -27.39949    1.21000   -1.69552    1.44872   -0.00727    1.03095    0.74363  138.39229
528741.267921515      262.56156  -27.32784    1.21025   -1.71171    1.42853    0.00249    1.02064    0.72982  139.32660
528741.317921845      262.47656  -27.25810    1.21071   -1.72023    1.40225    0.00871    0.99141    0.73733  140.24257
528741.367922175      262.39028  -27.18897    1.21169   -1.73728    1.37272    0.00550    0.96126    0.74880  141.14348
528741.417922505      262.30284  -27.12120    1.21213   -1.76080    1.33822   -0.00098    0.94288    0.76150  142.02653
528741.467922835      262.21387  -27.05507    1.21244   -1.79002    1.30278   -0.00834    0.94949    0.75934  142.89146
528741.567923495      261.98375  -26.89164    1.19591   -1.87271    1.25302   -0.01226    1.12363    0.65704  144.49903
528741.667924155      261.79656  -26.76907    1.19529   -1.88823    1.22501    0.00380    1.19085    0.69663  146.01801
528741.767924815      261.60637  -26.64899    1.19568   -1.93307    1.18402    0.01543    1.21245    0.69648  147.43695
528741.867925475      261.41203  -26.53310    1.19701   -1.95435    1.14408    0.02131    1.24386    0.69597  148.74743
528741.967926135      261.21628  -26.42169    1.19755   -1.97565    1.10678    0.02203    1.25722    0.73202  149.95685
528742.000000000      261.15244  -26.38616    1.19610   -1.98350    1.10550    0.01951    1.26561    0.74219  150.32091
528742.117927122      260.91694  -26.25843    1.19520   -2.00313    1.05012    0.00343    1.24877    0.75429  151.59101
528742.217927779      260.63428  -26.09244    1.17686   -2.09127    1.03144    0.01361    1.38849    0.69775  152.55465
528742.317928436      260.42308  -25.98892    1.17447   -2.10802    1.00942    0.02357    1.44313    0.77920  153.44323
528742.467929422      260.10356  -25.83535    1.17251   -2.13494    1.00997    0.01726    1.36697    0.81174  154.53012
528742.617930407      259.77966  -25.68472    1.16900   -2.16566    0.95137   -0.00709    1.26479    0.74179  155.48474
528742.817931721      259.34222  -25.50276    1.16561   -2.16780    0.89421    0.01055    1.46685    0.78755  156.36809
528743.000000000      258.94248  -25.33527    1.16356   -2.17659    0.90820    0.00645    1.49537    0.86164  156.93225
528743.417935675      258.02341  -24.96374    1.15868   -2.17844    0.88233   -0.01418    1.56577    0.75887  157.34779
528743.917938975      256.92820  -24.51556    1.15274   -2.18892    0.87297   -0.02289    1.47862    0.71559  157.03075
528744.367941942      255.95903  -24.11313    1.14797   -2.05216    0.97666    0.00896    1.37833    1.26354  156.57595
528744.567943260      255.49676  -23.91427    1.14761   -2.28717    0.96860    0.01841    1.28135    0.35198  156.25992
528744.967945896      254.63233  -23.55803    1.14337   -2.12989    0.94229   -0.01140    1.79928    0.60485  155.80859
528745.000000000      254.56303  -23.52766    1.14217   -2.13611    0.95236    0.00006    1.76681    0.60740  155.76728
528745.367948525      253.76427  -23.16786    1.13937   -2.27152    0.99992   -0.26484    1.51585    0.39774  155.27492
528745.717950824      253.00425  -22.82580    1.17064   -2.13407    1.02161    0.23244    1.49114    1.18059  154.87793
528745.967952467      252.43512  -22.56048    1.15198   -2.35625    1.07269   -0.18205    1.34364    0.70820  154.55063
528746.000000000      252.35750  -22.52472    1.14615   -2.35160    1.07229   -0.14772    1.35181    0.59080  154.52539
528746.317954776      251.60765  -22.17838    1.15225   -2.33454    1.11060    0.08637    1.42690    0.52251  154.17131
528746.667957086      250.75910  -21.77870    1.15201   -2.43813    1.19156   -0.02621    1.43711    0.74434  153.80539
528746.967959066      249.99055  -21.39832    1.15411   -2.51140    1.20513    0.00359    1.09183    0.57746  153.68686
528747.000000000      249.90808  -21.35922    1.15406   -2.52692    1.18913   -0.00040    1.10245    0.58267  153.67629
528747.367961702      248.97150  -20.92223    1.16029   -2.62689    1.23701   -0.03917    1.43056    0.79659  153.60728
528747.667963679      248.18869  -20.53913    1.15305   -2.61296    1.28398    0.04718    1.27433    0.55861  153.70489
528747.967965656      247.53958  -20.23317    1.15727   -2.67530    1.22922   -0.01940    1.21790    0.63950  153.93618
528748.000000000      247.45092  -20.19187    1.15632   -2.67587    1.23932   -0.02336    1.24612    0.61561  153.96064
528748.317967959      246.59331  -19.79794    1.15063   -2.73952    1.25395    0.00367    1.64313    0.46504  154.20048
528748.617969933      245.77551  -19.40919    1.14980   -2.77974    1.32980   -0.01303    1.46342    0.59247  154.45651
528748.867971578      245.08008  -19.08824    1.15122   -2.83946    1.29112    0.00036    1.49087    0.68406  154.63799
528749.000000000      244.71176  -18.92146    1.15126   -2.85907    1.28522   -0.00493    1.58272    0.70675  154.75856
528749.267974213      243.92546  -18.56999    1.15204   -2.89574    1.32614   -0.01291    1.78139    0.79918  154.98074
528749.567976190      243.03424  -18.16655    1.15004   -2.95104    1.31096    0.00789    1.75686    0.77017  155.20447
528749.867978167      242.13605  -17.77064    1.15153   -2.98421    1.34925   -0.00435    1.97121    0.81110  155.14601
528750.117979816      241.36784  -17.42189    1.14992   -3.02432    1.35960   -0.00158    1.98409    0.78441  154.83169
528750.367981466      240.58491  -17.07127    1.15008   -3.10294    1.35424    0.02108    2.33517    0.70563  154.41593
528750.617983116      239.80259  -16.71620    1.15033   -3.09950    1.44636   -0.01147    2.70705    0.62674  154.03731
528750.867984766      238.95288  -16.31518    1.14931   -3.07328    1.50144    0.00162    2.83901    0.69090  153.63882
528751.167986741      237.97490  -15.83730    1.15559   -3.12506    1.50467    0.02867    2.74360    1.27317  153.07644
528751.567989369      236.72017  -15.20750    1.15397   -3.16006    1.67956   -0.07748    2.71348    1.60994  152.33077
528751.817991011      235.81022  -14.73432    1.13929   -3.18332    1.68916   -0.04480    2.40064    1.32704  151.89554
528752.067992655      234.99919  -14.29885    1.13088   -3.19071    1.74534   -0.03769    2.05767    1.34212  151.48097
528752.317994303      234.18762  -13.86097    1.12157   -3.23389    1.73838   -0.01664    1.92217    1.08327  151.06808
528752.567995950      233.35385  -13.41184    1.11666   -3.22977    1.77963   -0.04846    1.97891    1.08596  150.66846
528752.817997598      232.52764  -12.95000    1.10604   -3.21973    1.85440   -0.00376    1.79437    0.94514  150.28866
528753.067999246      231.70752  -12.48340    1.11060   -3.26131    1.83436    0.00199    1.60849    1.26977  149.90697
528753.368001226      230.73677  -11.94122    1.09781   -3.26953    1.86155   -0.02571    1.99746    1.09999  149.49530
528753.618002876      229.91532  -11.45105    1.09563   -3.25405    1.95635   -0.03471    1.59919    1.12819  149.31923
528753.868004526      229.06128  -10.96090    1.08900   -3.31427    1.85989   -0.00560    1.65770    1.18144  149.25802
528754.068005845      228.35751  -10.56196    1.08620   -3.31749    1.94113   -0.01680    1.79734    1.10160  149.26354
528754.318007493      227.50054  -10.06563    1.07956   -3.35544    1.94037   -0.03483    1.72600    0.92546  149.38598
528754.568009140      226.64374   -9.56975    1.07112   -3.33346    1.93401   -0.01708    1.56605    0.94513  149.53705
528754.818010788      225.78313   -9.07955    1.07060   -3.36463    1.92009   -0.00791    1.53757    1.11162  149.69150
528755.068012486      224.89043   -8.57370    1.06940   -3.38049    1.95537   -0.03205    1.44870    1.22775  149.84372
528755.318014086      223.98081   -8.06011    1.06080   -3.42785    1.92121   -0.02742    1.37643    1.15559  150.00319
528755.568015736      223.02992   -7.52964    1.05684   -3.43248    1.92685   -0.01754    1.32081    1.21922  150.17666
528755.818017386      222.09685   -7.01196    1.04986   -3.42443    1.90040   -0.03153    1.26923    1.06273  150.31791
528756.068019035      221.14048   -6.48984    1.04621   -3.41043    1.88519   -0.03388    1.37005    1.07537  150.36156
528756.318020683      220.14489   -5.94455    1.04022   -3.36746    1.86156   -0.01600    1.38623    0.89990  150.40792
528756.568022330      219.13614   -5.39154    1.03892   -3.32741    1.85274   -0.03510    1.34680    0.97363  150.45478
528756.818023978      218.14933   -4.85063    1.03744   -3.28779    1.81509   -0.00025    1.28132    1.08106  150.46329
528757.068025674      217.19735   -4.33349    1.03549   -3.26932    1.78791   -0.02853    1.40100    1.16403  150.50338
528757.368027595      216.07150   -3.71489    1.02608   -3.20674    1.77828   -0.03960    1.32804    1.17243  150.55738
528757.618029238      215.10695   -3.18827    1.02056   -3.17613    1.72786   -0.03084    1.34567    1.17156  150.60795
528757.868030880      214.16643   -2.68038    1.01716   -3.15360    1.70796   -0.03933    1.50356    1.14299  150.63617
528758.168032856      213.17811   -2.14157    1.00649   -3.08312    1.68326   -0.02141    1.53607    0.99051  150.68878
528758.468034836      212.33531   -1.67994    0.99797   -3.00655    1.63452   -0.01869    1.54046    0.98814  150.73641
528758.768036816      211.38342   -1.16619    0.99383   -2.93157    1.59206   -0.01278    1.64839    1.07057  150.79038
528759.018038516      210.57313   -0.72299    0.99190   -2.88371    1.57475   -0.02158    1.55943    1.24042  150.82631
528759.318040446      209.68450   -0.24193    0.98517   -2.82822    1.52361   -0.02888    1.58656    1.34214  150.88694
528759.668042756      208.74027    0.27071    0.97383   -2.73490    1.49059   -0.04292    1.60870    1.37711  150.96676
528759.968044736      207.95257    0.69580    0.96204   -2.66562    1.43109   -0.03487    1.63518    1.35021  151.02602
528760.268046713      207.12960    1.14084    0.95330   -2.63701    1.41005   -0.03214    1.57640    1.42904  151.07345
528760.618049020      206.18813    1.64339    0.94185   -2.62140    1.40149   -0.03351    1.60329    1.46202  151.15991
528760.968051327      205.23699    2.15036    0.92834   -2.64470    1.40126   -0.05517    1.60346    1.46013  151.25575
528761.318053636      204.28578    2.65904    0.91580   -2.62299    1.40253   -0.04421    1.51850    1.61713  151.19772
528761.668055946      203.35455    3.16613    0.90367   -2.62202    1.42584   -0.03530    1.37882    1.74367  150.85878
528761.968057926      202.51181    3.62357    0.89104   -2.63001    1.44719   -0.05834    1.43563    1.64565  150.61367
528762.268059904      201.72642    4.05518    0.87417   -2.63928    1.45204   -0.03445    1.39688    1.34276  150.41271
528762.568061881      201.05240    4.42948    0.86488   -2.62202    1.44206   -0.01918    1.41180    1.30562  150.27046
528762.968064517      199.98463    5.01920    0.85527   -2.61393    1.43878    0.00484    1.48836    1.33517  150.16439
528763.318066826      199.49293    5.29576    0.85079   -2.57707    1.44366   -0.02873    1.57581    1.49680  150.16067
528763.718069466      197.54309    6.36597    0.84990   -2.65377    1.45948   -0.02637    1.64758    1.77910  150.12881
528764.118072109      196.35271    7.03789    0.84463   -2.65282    1.47525   -0.04469    1.50563    1.87861  150.23500
528764.468074426      195.37840    7.56717    0.83009   -2.65711    1.46164   -0.04266    1.56249    1.77566  150.42583
528764.768076412      194.52525    8.03617    0.81749   -2.66140    1.44437   -0.04077    1.47881    1.59869  150.60217
528765.118078725      193.55546    8.56030    0.80507   -2.66606    1.44516   -0.04347    1.50912    1.42068  150.77607
528765.468081032      192.56897    9.09633    0.79595   -2.66033    1.44974   -0.02816    1.43984    1.38672  150.83308
528765.868083668      191.42510    9.71587    0.78671   -2.66486    1.46941   -0.02730    1.59106    1.42387  150.68900
528766.168085646      190.51757   10.21693    0.78015   -2.69805    1.47902   -0.04328    1.54153    1.37966  150.55298
528766.468087626      189.54429   10.74634    0.77223   -2.70737    1.48772   -0.02829    1.66400    1.28391  150.41374
528766.818089936      188.45832   11.34222    0.76080   -2.71428    1.50691   -0.02451    1.65721    1.16207  150.26159
528767.168092245      187.17964   12.03939    0.75887   -2.75002    1.54080   -0.02617    1.70189    1.19700  150.09634
528767.468094222      185.86021   12.76242    0.75409   -2.80703    1.57059   -0.02271    1.65957    1.18839  149.95857
528767.768096199      184.27143   13.63406    0.75264   -2.83830    1.62005   -0.01261    1.72558    1.20770  149.78703
528768.118098507      182.92040   14.40014    0.74449   -2.82907    1.62088   -0.02603    1.51545    1.34365  149.55165
528768.568101477      179.10696   15.43455    0.63639   -2.87585    1.67444   -0.04244    1.65924    1.41584  149.99754
528768.918103787      178.13308   15.99531    0.61911   -2.78568    1.56720   -0.01706    1.31664    1.28134  149.92232
528769.218105764      177.31729   16.45202    0.59601   -2.68839    1.49844   -0.04184    1.44461    0.94153  149.82817
528769.468107412      176.60908   16.78310    0.63546   -2.74461    1.57424    0.03728    1.28478    1.52938  149.97022
528769.818109718      175.65179   17.32089    0.60944   -2.69579    1.50354   -0.04098    1.32300    1.20976  150.27145
528770.000000000      175.17445   17.58880    0.60792   -2.65410    1.49904   -0.02139    1.24747    1.39110  150.56291
528770.418113685      174.02903   18.17821    0.61365   -2.71644    1.42263   -0.01797    1.45777    1.28718  151.33237
528770.768116002      173.08427   18.67041    0.59869   -2.68197    1.40818   -0.06687    1.57164    1.11509  151.95257
528771.000000000      172.47014   18.98696    0.58750   -2.61657    1.31789   -0.00902    1.57581    1.10323  152.34572
528771.318119637      171.60796   19.40589    0.59542   -2.62398    1.30240   -0.04405    1.69950    1.25204  152.86658
528771.668121947      170.70357   19.84836    0.58824   -2.54055    1.24659   -0.00940    1.73807    1.65465  153.32942
528772.000000000      169.86454   20.25606    0.57340   -2.50078    1.19499   -0.04821    1.70318    1.71841  153.54178
528772.418126893      168.80152   20.76119    0.56789   -2.46000    1.19528   -0.06813    1.73392    1.61826  153.64216
528772.818129529      167.83054   21.22912    0.54362   -2.37716    1.14857   -0.04778    1.68346    1.33965  153.73321
528773.000000000      167.40151   21.43791    0.53598   -2.35060    1.13754   -0.04440    1.57075    1.42211  153.75976
528773.468133817      166.27094   21.98758    0.55589   -2.39085    1.14258   -0.01694    1.45479    1.44898  153.80854
528773.868136457      165.30004   22.44515    0.54336   -2.46521    1.17992   -0.06124    1.58739    1.27745  153.87558
528774.000000000      164.97332   22.60291    0.53559   -2.48148    1.21026   -0.05984    1.53120    1.06174  153.89627
