546526.998872991       -0.00024    0.00076    0.00487   -0.00001    0.00002    0.00014   -0.00003    0.00008   -0.00006
546527.000000000       -0.00024    0.00076    0.00486    0.00169   -0.00093   -0.00071    0.00009    0.00121   -0.00020
546527.006437774       -0.00132    0.00606    0.02074   -0.01062   -0.01011   -0.02414    0.02742   -0.23024    0.65430
546527.206399212       -0.00401    0.00372    0.01423   -0.00802   -0.01152   -0.02347    0.02297   -0.18835    0.66499
546527.456360010       -0.00485   -0.00033    0.00816    0.00063   -0.00141   -0.02949    0.05180   -0.16266    0.68687
546527.756335167       -0.00632   -0.00505    0.01159   -0.00700    0.00261   -0.01417    0.07734   -0.27684    0.58286
546528.000000000       -0.00565   -0.00671    0.00946    0.00087   -0.00462   -0.01424    0.06796   -0.33624    0.56728
546528.006313964       -0.00098   -0.00758    0.00961    0.00422   -0.00793   -0.01542    0.05403   -0.32877    0.54965
546528.306331112        0.00219   -0.01025    0.00284    0.00927   -0.00836   -0.02527    0.04519   -0.30702    0.57091
546528.556332902        0.00750   -0.01618    0.00295    0.01274    0.00981   -0.01751    0.00226   -0.37567    0.50941
546528.756337334        0.00881   -0.01075   -0.00078    0.00044    0.03671   -0.01441    0.00372   -0.38372    0.51882
546529.000000000        0.00795   -0.00091   -0.00354   -0.00660    0.03875   -0.00698    0.00443   -0.38614    0.51201
546529.256368917        0.00672    0.00535   -0.00525   -0.01061    0.02373   -0.00769    0.01614   -0.39171    0.48755
546529.606405426        0.00530    0.00698    0.00586   -0.01403    0.00020   -0.01831    0.02908   -0.49901    0.47841
546529.906407577        0.00141    0.00448   -0.00256   -0.01801   -0.00858   -0.03329    0.02690   -0.51874    0.48272
546530.000000000        0.00001    0.00298   -0.00685   -0.01595   -0.00802   -0.03373    0.03352   -0.52513    0.48492
546530.306420445       -0.00451    0.00181   -0.01671   -0.00822   -0.00049   -0.02946    0.03025   -0.52532    0.49911
546530.556416238       -0.00334   -0.00115   -0.01719   -0.00208    0.00230   -0.00876    0.01759   -0.59294    0.49261
546530.856397389       -0.00430   -0.00027   -0.01538   -0.00628    0.00756    0.01319    0.02524   -0.58348    0.49274
546531.000000000       -0.00447    0.00047   -0.01337   -0.00441    0.01194    0.01355    0.02842   -0.58491    0.49177
546531.306358621       -0.00245    0.00176   -0.01272    0.00828    0.01420    0.00975    0.02274   -0.56496    0.46385
546531.606363778        0.00056    0.00293   -0.00991    0.00383    0.00538    0.01032    0.04390   -0.57023    0.44946
546531.956356295       -0.00103    0.00309   -0.00552   -0.01196    0.00249    0.01318    0.04122   -0.55506    0.45051
546532.000000000       -0.00193   -0.00267   -0.00890   -0.01188    0.00154    0.01056    0.04938   -0.51876    0.41566
546532.356338160       -0.00655   -0.00340   -0.00473   -0.00432    0.00330    0.00788    0.03760   -0.52565    0.40113
546532.756339024       -0.00442   -0.00117   -0.00333    0.00912    0.01019    0.00432    0.03240   -0.50689    0.39195
546533.000000000       -0.00395    0.00145   -0.00017   -0.00156    0.02173    0.00697    0.03648   -0.50881    0.37244
546533.356401324       -0.00836    0.00889    0.00280   -0.00808    0.01959    0.00794    0.02666   -0.50083    0.34732
546533.756464192       -0.01138    0.01368    0.00380   -0.00562    0.00992   -0.00115    0.04509   -0.49072    0.32423
546534.000000000       -0.01323    0.01434    0.00333   -0.00354    0.00657   -0.00717    0.04497   -0.49415    0.31402
546534.306482135       -0.01230    0.01468    0.00142    0.00903   -0.00103   -0.00149    0.04305   -0.48961    0.30504
546534.756545362       -0.02208    0.01169    0.00133    0.01814    0.00084    0.00888    0.05892   -0.47775    0.27484
546535.000000000       -0.01598    0.01255    0.00364    0.03186    0.00357    0.00499    0.06337   -0.46548    0.26409
546535.306627302       -0.00515    0.01305    0.00359    0.03848   -0.00213    0.00362    0.06239   -0.46292    0.24228
546535.556646092        0.00479    0.01228    0.00447    0.04096   -0.00671    0.00247    0.06081   -0.45906    0.22129
546535.756665524        0.01336    0.01074    0.00554    0.04575   -0.01235    0.00318    0.07356   -0.46238    0.21103
546535.956680956        0.02281    0.00759    0.00662    0.05070   -0.01910    0.00742    0.08655   -0.45130    0.20256
546536.000000000        0.00290    0.01094    0.00742    0.02507   -0.01195    0.00922    0.12133   -0.45052    0.19917
546536.156702390        0.00623    0.00918    0.00916    0.02512   -0.01465    0.01529    0.12006   -0.44871    0.19466
546536.306714466        0.00958    0.00724    0.01078    0.02146   -0.01511    0.00893    0.12180   -0.44743    0.19288
546536.456709541        0.01238    0.00524    0.01083    0.01599   -0.01177   -0.00265    0.11618   -0.44680    0.19320
546536.606720617        0.00506    0.00636    0.00540   -0.00487   -0.00381   -0.00948    0.15242   -0.43089    0.19595
546536.806750051        0.00353    0.00611    0.00372   -0.00730   -0.00247   -0.00498    0.17414   -0.44129    0.19480
546537.000000000        0.00237    0.00585    0.00321   -0.00365   -0.00588    0.00162    0.18571   -0.44109    0.19495
546537.256784282        0.00243    0.00388    0.00433    0.00261   -0.01009    0.00620    0.15177   -0.44322    0.19197
546537.606813799       -0.00252    0.00019    0.00170    0.00145   -0.01190    0.00523    0.22013   -0.43118    0.17643
546537.956828315       -0.00126   -0.00297    0.00353   -0.00033   -0.00771    0.00518    0.26492   -0.41611    0.16917
546538.000000000       -0.00120   -0.00284    0.00353   -0.00222   -0.00386    0.00497    0.31695   -0.40418    0.16804
546538.306820826        0.00295   -0.00260   -0.00136    0.00610    0.00074    0.00741    0.39040   -0.37594    0.15933
546538.606784977        0.01170   -0.00100    0.00138    0.02963   -0.00472    0.01089    0.45055   -0.35811    0.15251
546538.956733486        0.02450   -0.00383    0.00475    0.02321   -0.02001    0.01208    0.51880   -0.33313    0.15807
546539.000000000        0.02629   -0.00328    0.00504    0.01807   -0.02280    0.01225    0.56328   -0.31300    0.16539
546539.356696354        0.05514   -0.00998    0.00289    0.00469   -0.03410    0.00970    0.57053   -0.28369    0.22247
546539.756685222        0.05612   -0.01887    0.00593   -0.04056   -0.02443    0.01568    0.54218   -0.26492    0.26893
546540.000000000        0.04383   -0.02019    0.00749   -0.06699   -0.01185    0.01539    0.60022   -0.23580    0.29225
546540.306744163        0.01875   -0.02249    0.01330   -0.10093   -0.01307    0.02780    0.59718   -0.21347    0.31779
546540.556760953        0.05702   -0.03213    0.02252   -0.05123   -0.03625    0.04288    0.46537   -0.18750    0.40139
546540.856781101        0.04082   -0.04080    0.03618   -0.07602   -0.01755    0.04385    0.50192   -0.14533    0.44861
546541.000000000        0.03019   -0.04225    0.04407   -0.09384    0.00024    0.04654    0.52618   -0.11198    0.46366
546541.256829972        0.00191   -0.03817    0.05479   -0.12902    0.03332    0.03178    0.57464   -0.07077    0.48154
546541.506878770       -0.03306   -0.02850    0.05508   -0.14730    0.04263   -0.02875    0.62207   -0.04144    0.48801
546541.756931567       -0.01331   -0.02792    0.04293   -0.09247    0.01077   -0.05931    0.54820   -0.06280    0.51819
546542.000000000       -0.03462   -0.02589    0.03064   -0.07946    0.00669   -0.04122    0.52109   -0.09591    0.52749
546542.257011157       -0.04960   -0.02239    0.02305   -0.04532    0.01319   -0.02525    0.50513   -0.10276    0.54090
546542.457028591       -0.05741   -0.01914    0.01916   -0.03389    0.01365   -0.01893    0.50429   -0.10464    0.54938
546542.657042025       -0.06379   -0.01604    0.01522   -0.03225    0.01159   -0.01728    0.53130   -0.10839    0.55448
546542.907043818       -0.03870   -0.01690    0.01488    0.00679    0.00104   -0.02114    0.51892   -0.11405    0.56731
546543.000000000       -0.04022   -0.01541    0.01259    0.00142   -0.00051   -0.02251    0.52419   -0.11836    0.57484
546543.257058327       -0.04200   -0.01420    0.00582   -0.00138   -0.00130   -0.02619    0.52288   -0.11469    0.58799
546543.457071761       -0.04276   -0.01338    0.00049    0.00627    0.00045   -0.02579    0.54429   -0.11938    0.59885
546543.657109195       -0.04400   -0.01346   -0.00099    0.01557    0.00435   -0.02341    0.56064   -0.13203    0.60046
546543.857166629       -0.04082   -0.01002   -0.00543    0.02590    0.00628   -0.02094    0.54647   -0.13231    0.61028
546544.000000000       -0.03739   -0.00813   -0.00797    0.03104    0.00574   -0.01665    0.56247   -0.12797    0.61372
546544.207271143       -0.03044   -0.00597   -0.01056    0.03659    0.00639   -0.00506    0.56913   -0.12691    0.62377
546544.457376941       -0.02438   -0.00754   -0.00147    0.03785    0.00325    0.00217    0.61568   -0.14604    0.61716
546544.757530098       -0.01296   -0.00637   -0.00245    0.03971   -0.00049   -0.00620    0.62254   -0.13028    0.63166
546545.000000000       -0.00591   -0.00623   -0.00569    0.02581    0.00366   -0.01823    0.66068   -0.10439    0.63906
546545.307634043       -0.00076   -0.00248   -0.01358    0.01375    0.02267   -0.03214    0.65279   -0.12036    0.65012
546545.657677549        0.00390    0.00542   -0.02743    0.01073    0.01988   -0.04155    0.64405   -0.10559    0.64193
546545.957766697        0.00678    0.00682   -0.02440    0.01031    0.00788   -0.03340    0.71163   -0.13900    0.63059
546546.000000000        0.00700    0.00663   -0.02538    0.01097    0.00818   -0.03325    0.71246   -0.13832    0.63039
546546.257843853        0.00988    0.00732   -0.03273    0.00682    0.00347   -0.02436    0.70513   -0.13404    0.63192
546546.507818650        0.01025    0.00800   -0.03840   -0.00849    0.00440   -0.02230    0.69478   -0.12538    0.63876
546546.757790448        0.00591    0.00936   -0.04445   -0.02636    0.00836   -0.02589    0.67104   -0.13020    0.64681
546546.957784886        0.00034    0.01122   -0.04981   -0.02715    0.01113   -0.02640    0.65763   -0.10723    0.65175
546547.000000000        0.00718    0.00562   -0.03068   -0.01314    0.01087   -0.02400    0.80120   -0.16637    0.63134
