546526.998872991       -0.00024    0.00076    0.00487   -0.00001    0.00002    0.00014   -0.00003    0.00008   -0.00006
546527.000000000       -0.00024    0.00076    0.00486    0.00169   -0.00093   -0.00071    0.00010    0.00121   -0.00022
546527.006437774       -0.00123    0.00530    0.01794   -0.01679   -0.00399   -0.01428    0.01043   -0.20451    0.55378
546527.206399212       -0.00445    0.00331    0.01425   -0.00969   -0.00881   -0.01458    0.01322   -0.16547    0.53137
546527.456360010       -0.00608    0.00011    0.01019    0.00162   -0.00130   -0.02254    0.04941   -0.15387    0.52390
546527.756335167       -0.01448    0.00043    0.01429   -0.01665    0.01114   -0.01205    0.04793   -0.27672    0.51938
546528.000000000       -0.02012    0.00269    0.01086   -0.01070    0.00820   -0.01128    0.03688   -0.32364    0.51935
546528.006313964       -0.01777    0.00261    0.01111   -0.01111    0.00753   -0.01215    0.04690   -0.31619    0.52007
546528.306331112       -0.01785    0.00546    0.00675    0.00731    0.00086   -0.02019    0.06013   -0.29184    0.54001
546528.556332902       -0.02057    0.00608    0.00872    0.00983   -0.00434   -0.02050    0.06676   -0.35965    0.54981
546528.806340692       -0.01635    0.00717    0.00290    0.02271   -0.01090   -0.01933    0.03948   -0.36985    0.59462
546529.000000000       -0.01180    0.00337    0.00060    0.02588   -0.02061   -0.01541    0.04333   -0.36865    0.61693
546529.256368917       -0.00540   -0.00357   -0.00541    0.01525   -0.01815   -0.02686    0.07221   -0.38484    0.64083
546529.606405426       -0.00446   -0.00803   -0.00652    0.01520    0.00783   -0.03139    0.10165   -0.47352    0.65933
546529.906407577        0.00266   -0.00566   -0.01260    0.02665    0.01565   -0.01127    0.11616   -0.49445    0.66928
546530.000000000        0.00535   -0.00502   -0.01350    0.02356    0.01269   -0.00293    0.12066   -0.49664    0.66959
546530.306420445        0.00977   -0.00275   -0.01265    0.00461    0.01014    0.00107    0.11199   -0.47895    0.68254
546530.556416238        0.00622   -0.00685   -0.00702   -0.01471    0.01522    0.00013    0.09889   -0.53153    0.64836
546530.906387747       -0.00056   -0.00151   -0.00795   -0.01863    0.01835    0.00256    0.07996   -0.53639    0.65606
546531.000000000       -0.00288   -0.00085   -0.00738   -0.01741    0.01963    0.00267    0.07924   -0.52983    0.65383
546531.306358621       -0.00979    0.00040   -0.00585   -0.00605    0.02414    0.00433    0.08095   -0.52108    0.62201
546531.606363778       -0.00826    0.00366   -0.00478    0.00855    0.01885    0.00494    0.10563   -0.52174    0.60348
546531.956356295       -0.00371    0.00722   -0.00284    0.01248    0.01000    0.00587    0.10969   -0.50896    0.59889
546532.000000000       -0.00739   -0.00004   -0.00328    0.00693    0.00786    0.00368    0.11306   -0.48544    0.55965
546532.356338160       -0.00586    0.00132   -0.00226    0.00577    0.00648    0.00133    0.10946   -0.49353    0.55955
546532.706338666       -0.00428    0.00419   -0.00250    0.00406    0.01396   -0.00168    0.10683   -0.48655    0.55709
546533.000000000       -0.01353    0.00196   -0.00284   -0.01477    0.02113   -0.00103    0.10743   -0.47985    0.51023
546533.356401324       -0.01967    0.00883   -0.00297   -0.00492    0.01981   -0.00265    0.07516   -0.48626    0.48284
546533.756464192       -0.01625    0.01372   -0.00352    0.01644    0.00997   -0.00443    0.09467   -0.48927    0.46847
546534.000000000       -0.01138    0.01508   -0.00257    0.01941    0.00525   -0.00244    0.09888   -0.49032    0.46042
546534.306482135       -0.00423    0.01744   -0.00191    0.02479    0.00601    0.00816    0.09237   -0.48524    0.44887
546534.756545362       -0.01276    0.01256    0.00299    0.02331    0.01092    0.00572    0.10080   -0.47636    0.38589
546535.000000000       -0.00704    0.01402    0.00286    0.02932    0.01232   -0.00517    0.10851   -0.46895    0.35656
546535.306627302        0.00249    0.01885    0.00096    0.03242    0.01616   -0.00421    0.12461   -0.47258    0.32983
546535.556646092        0.01099    0.02289   -0.00040    0.03885    0.01559   -0.00276    0.14092   -0.47085    0.29473
546535.756665524        0.01967    0.02561   -0.00003    0.05013    0.01168    0.00173    0.16585   -0.47644    0.26700
546535.956680956        0.03045    0.02744    0.00043    0.05876    0.00513    0.00236    0.19684   -0.46398    0.24191
546536.000000000        0.00539    0.02392    0.00350    0.03473    0.00786    0.00279    0.22314   -0.46901    0.21102
546536.156702390        0.01085    0.02467    0.00366    0.03598   -0.00178    0.00222    0.23804   -0.46774    0.19736
546536.356714824        0.01771    0.02399    0.00410    0.03163   -0.00631   -0.00159    0.25619   -0.47269    0.18115
546536.506705900        0.02206    0.02332    0.00277    0.02507   -0.00460   -0.00539    0.25634   -0.46974    0.17399
546536.706739334        0.01484    0.01885   -0.00296    0.00564   -0.00543   -0.00591    0.30843   -0.45955    0.15273
546536.906758768        0.01530    0.01787   -0.00349   -0.00107   -0.00516   -0.00410    0.33355   -0.45575    0.15000
546537.000000000        0.01502    0.01779   -0.00406   -0.00093   -0.00453   -0.00118    0.33997   -0.46068    0.14987
546537.256784282        0.01303    0.01496   -0.00856   -0.00281   -0.00454    0.00697    0.36062   -0.44143    0.13213
546537.556813439        0.01199    0.01462   -0.00629   -0.00337   -0.01041    0.01694    0.38587   -0.42453    0.12411
546537.906827956        0.01050    0.01077   -0.00051   -0.00782   -0.01060    0.01208    0.45733   -0.40383    0.11490
546538.000000000        0.01489    0.00882   -0.01030   -0.00476   -0.00832    0.00526    0.57670   -0.36480    0.11545
546538.356817184        0.01732    0.00787   -0.00933   -0.00154   -0.00813    0.01082    0.69636   -0.33262    0.10949
546538.706769694        0.02097    0.01066   -0.00122    0.02469   -0.02260    0.03354    0.72430   -0.30342    0.13973
546539.000000000        0.03332    0.00028    0.00965    0.02219   -0.04218    0.04920    0.80539   -0.24702    0.12536
546539.356696354        0.05665   -0.01743    0.02391   -0.02064   -0.04144    0.02309    0.84077   -0.20192    0.15781
546539.756685222        0.04409   -0.02329    0.03245   -0.11569   -0.00325    0.00870    0.83222   -0.19680    0.19907
546540.000000000        0.06989   -0.03864    0.02397   -0.14172    0.01891    0.01892    0.79437   -0.15038    0.20183
546540.356747521        0.00638   -0.02453    0.03106   -0.20278    0.04174    0.02045    0.80945   -0.12253    0.21063
546540.656765669        0.05370   -0.03678    0.03904   -0.13655    0.01610    0.02606    0.66387   -0.10903    0.25564
546540.956791817        0.01280   -0.03035    0.04611   -0.15277    0.02645    0.01656    0.69949   -0.06865    0.27019
546541.000000000        0.00707   -0.02896    0.04781   -0.15622    0.02990    0.01330    0.69859   -0.06157    0.26952
546541.306839332       -0.04451   -0.01599    0.04956   -0.17897    0.05007   -0.00453    0.74699   -0.03088    0.26823
546541.556890129       -0.09048   -0.00375    0.04597   -0.18697    0.04781   -0.02206    0.76205   -0.01698    0.26271
546541.806941927       -0.04620   -0.00812    0.04081   -0.09834    0.01577   -0.03700    0.66278   -0.03935    0.28023
546542.000000000       -0.06200   -0.00652    0.03394   -0.07741    0.00654   -0.03753    0.65327   -0.04871    0.27982
546542.257011157       -0.07806   -0.00572    0.02567   -0.05140   -0.00020   -0.03195    0.67039   -0.04369    0.28624
546542.457028591       -0.08816   -0.00586    0.02013   -0.04836   -0.00129   -0.02815    0.66889   -0.04692    0.29432
546542.657042025       -0.09908   -0.00612    0.01472   -0.05935   -0.00430   -0.02414    0.67710   -0.05662    0.29846
546542.907043818       -0.05610   -0.01212    0.01459   -0.00348   -0.01412   -0.02801    0.63556   -0.06426    0.31790
546543.000000000       -0.05662   -0.01221    0.01216   -0.00104   -0.01241   -0.02923    0.62668   -0.06960    0.32430
546543.207057969       -0.05778   -0.01357    0.00556   -0.00219   -0.01053   -0.03004    0.63524   -0.07259    0.32949
546543.457071761       -0.05943   -0.01550   -0.00191   -0.00501   -0.01009   -0.03069    0.63748   -0.07869    0.33518
546543.657109195       -0.04755   -0.01502   -0.00166    0.00950   -0.00883   -0.03124    0.68046   -0.09993    0.34450
546543.857166629       -0.04732   -0.01434   -0.00755    0.01137   -0.00671   -0.02478    0.69167   -0.10474    0.35071
546544.000000000       -0.04653   -0.01448   -0.01031    0.01366   -0.00460   -0.01944    0.70211   -0.10568    0.35357
546544.207271143       -0.04412   -0.01495   -0.01425    0.01852   -0.00224   -0.01653    0.72111   -0.11219    0.35905
546544.457376941       -0.04393   -0.01305   -0.00778    0.02159   -0.00658   -0.01772    0.76611   -0.14553    0.36716
546544.757530098       -0.03597   -0.01429   -0.01476    0.03817   -0.00643   -0.02135    0.76035   -0.13938    0.37176
546545.000000000       -0.02654   -0.01447   -0.02016    0.04277    0.00200   -0.02019    0.79304   -0.11852    0.37085
546545.307634043       -0.01461   -0.01191   -0.02770    0.03883    0.01478   -0.02974    0.79579   -0.14186    0.36836
546545.657677549       -0.00156   -0.00926   -0.04026    0.03445   -0.00285   -0.03816    0.77571   -0.12765    0.35765
546545.957766697       -0.00033   -0.00676   -0.03245    0.01735   -0.01605   -0.03428    0.84389   -0.16264    0.37635
546546.000000000        0.00014   -0.00760   -0.03334    0.01594   -0.01538   -0.03517    0.84117   -0.16099    0.37883
546546.257843853        0.00315   -0.01156   -0.04314    0.00857   -0.01246   -0.04066    0.83448   -0.15962    0.38518
546546.507818650        0.00535   -0.01400   -0.05274    0.00299   -0.00728   -0.03919    0.81632   -0.15480    0.39022
546546.757790448        0.00539   -0.01579   -0.06160   -0.00525   -0.00926   -0.03605    0.80688   -0.16938    0.39440
546546.957784886        0.00459   -0.01791   -0.06882   -0.00220   -0.01140   -0.03627    0.79505   -0.15410    0.39760
546547.000000000        0.00388   -0.01176   -0.04825   -0.00256   -0.00850   -0.03482    0.91905   -0.20954    0.40917
546547.157785321        0.00365   -0.01267   -0.05364    0.00015   -0.00663   -0.03157    0.90952   -0.19147    0.40677
