546526.998872991       -0.00024    0.00076    0.00487   -0.00001    0.00002    0.00014   -0.00003    0.00008   -0.00006
546527.000000000       -0.00024    0.00076    0.00486    0.00169   -0.00093   -0.00071    0.00011    0.00121   -0.00021
546527.006437774       -0.00142    0.00601    0.01216   -0.02796   -0.00901   -0.00176    0.04630   -0.16299    0.65030
546527.206399212       -0.00531    0.00351    0.01193   -0.01294   -0.01107   -0.00274    0.03893   -0.09208    0.63844
546527.406361650       -0.00681    0.00056    0.01198    0.00041   -0.00587   -0.00790    0.04947   -0.07012    0.62600
546527.706334807       -0.00500   -0.00075    0.00647    0.01697    0.00454   -0.02322    0.06034   -0.05371    0.64888
546527.956317605       -0.01633   -0.00347    0.01687   -0.00078    0.00345   -0.00711    0.07419   -0.20098    0.55358
546528.000000000       -0.01810   -0.00358    0.01646    0.00067    0.00301   -0.00334    0.05544   -0.24049    0.54671
546528.206303396       -0.01593   -0.00351    0.01384    0.00979   -0.00295   -0.01690    0.04092   -0.20979    0.54677
546528.456332186       -0.01157   -0.00502    0.00805    0.01856    0.00189   -0.02991    0.06406   -0.20238    0.55479
546528.706333976       -0.01571   -0.00338    0.01706    0.00567    0.02556   -0.02555    0.07928   -0.35457    0.53534
546528.906345408       -0.01168    0.00568    0.00980    0.01510    0.02370   -0.02130    0.07802   -0.33321    0.57524
546529.000000000       -0.00867    0.00686    0.00607    0.02751    0.00960   -0.01987    0.06619   -0.30606    0.58381
546529.256368917        0.00015    0.00126   -0.00026    0.03315   -0.03163   -0.03033    0.07496   -0.34608    0.58412
546529.556405068        0.00602   -0.00907   -0.00251    0.01548   -0.01427   -0.05739    0.07992   -0.43580    0.61614
546529.856407219        0.00815   -0.00632   -0.01839   -0.00994    0.02753   -0.03788    0.07702   -0.49044    0.63024
546530.000000000        0.00589   -0.00304   -0.02113   -0.02176    0.02307   -0.00787    0.08500   -0.49616    0.62946
546530.306420445       -0.00206   -0.00645   -0.01355   -0.01813    0.00368    0.01054    0.07430   -0.50305    0.59402
546530.556416238       -0.00468   -0.00609   -0.01139   -0.00695    0.00903    0.00547    0.08112   -0.52066    0.60288
546530.906387747       -0.00598   -0.00327   -0.01114    0.00017    0.01841    0.00312    0.07575   -0.52360    0.60528
546531.000000000       -0.00912   -0.00712   -0.00818   -0.00443    0.02083    0.00370    0.07656   -0.52602    0.57392
546531.306358621       -0.00885   -0.00110   -0.00751    0.00237    0.02874    0.00565    0.07906   -0.51760    0.55162
546531.656365138       -0.00763    0.00549   -0.00662    0.00097    0.01665    0.00560    0.08049   -0.52096    0.53420
546532.000000000       -0.01435    0.00497   -0.00574   -0.00984    0.00950    0.00465    0.08322   -0.48445    0.51178
546532.356338160       -0.01692    0.00711   -0.00473    0.00409    0.00801    0.00063    0.07455   -0.49364    0.50544
546532.756339024       -0.01196    0.00907   -0.00547    0.01758    0.00726   -0.00462    0.07920   -0.48250    0.49872
546533.000000000       -0.01707    0.00409   -0.00450    0.00289    0.00989   -0.00509    0.08592   -0.49033    0.45779
546533.356401324       -0.01799    0.00658   -0.00508    0.00984    0.01034    0.00306    0.06828   -0.49097    0.44406
546533.756464192       -0.01105    0.00804   -0.00347    0.02679    0.00638    0.00272    0.07089   -0.48591    0.42931
546534.000000000       -0.00515    0.00846   -0.00257    0.02646    0.00738    0.00050    0.07612   -0.48478    0.41473
546534.356483494        0.00361    0.01248   -0.00128    0.02434    0.02093    0.00677    0.07934   -0.47310    0.39337
546534.856576079       -0.01281    0.01604    0.00095    0.02098    0.02221    0.00653    0.11625   -0.46029    0.29446
546535.000000000       -0.00960    0.01888    0.00163    0.03131    0.01594    0.00052    0.11682   -0.45447    0.27467
546535.306627302        0.00269    0.02360    0.00054    0.04471    0.01074   -0.00411    0.13088   -0.45441    0.23571
546535.556646092        0.01452    0.02570    0.00007    0.05026    0.00705    0.00128    0.13064   -0.45216    0.20157
546535.756665524        0.02500    0.02641    0.00126    0.05802   -0.00255    0.00804    0.15644   -0.45483    0.17774
546535.956680956        0.03725    0.02470    0.00329    0.06460   -0.01307    0.01068    0.18550   -0.43919    0.15832
546536.000000000        0.00785    0.02240    0.00563    0.03577   -0.00691    0.01119    0.21805   -0.44067    0.13253
546536.156702390        0.01311    0.02138    0.00729    0.03514   -0.01126    0.01241    0.22647   -0.43481    0.12271
546536.306714466        0.01822    0.02008    0.00834    0.03242   -0.01303    0.00656    0.25005   -0.42917    0.11335
546536.456709541        0.02274    0.01864    0.00775    0.02852   -0.00922   -0.00482    0.26475   -0.42521    0.10810
546536.606720617        0.01437    0.01351    0.00269    0.01124   -0.00498   -0.01168    0.29826   -0.41169    0.08548
546536.806750051        0.01627    0.01312    0.00071    0.00707   -0.00428   -0.00254    0.33642   -0.41828    0.08217
546537.000000000        0.01744    0.01282    0.00113    0.00624   -0.00233    0.00489    0.33347   -0.41720    0.07573
546537.256784282        0.01751    0.01099   -0.00319   -0.00065   -0.00095    0.00305    0.37298   -0.39043    0.05723
546537.556813439        0.01620    0.01133   -0.00296   -0.00380   -0.00163    0.00381    0.39434   -0.38339    0.04668
546537.906827956        0.01469    0.01086   -0.00146   -0.00906   -0.00207    0.00599    0.43728   -0.37478    0.02490
546538.000000000        0.02168    0.01177   -0.01600   -0.00597   -0.00203    0.00226    0.58318   -0.32558    0.03061
546538.356817184        0.02333    0.01345   -0.01375   -0.00276   -0.01035    0.01046    0.67546   -0.29991    0.02277
546538.656777335        0.02791    0.01339   -0.00981    0.01218   -0.02438    0.02943    0.73525   -0.26986    0.02465
546539.000000000        0.03351    0.00465    0.00277    0.00575   -0.04569    0.04299    0.70658   -0.23030    0.02723
546539.306699996        0.10861   -0.02500    0.00607    0.02561   -0.08646    0.04739    0.49164   -0.21690    0.08743
546539.706679864        0.10496   -0.05049    0.03028   -0.06796   -0.05534    0.04334    0.48947   -0.16309    0.16753
546540.000000000        0.07398   -0.05562    0.04046   -0.14990    0.00578    0.03396    0.46499   -0.12155    0.19085
546540.356747521        0.00500   -0.03999    0.05261   -0.23157    0.04259    0.04243    0.45119   -0.07553    0.21987
546540.656765669        0.09018   -0.06104    0.05701   -0.16378    0.01694    0.04470    0.27946   -0.02297    0.29767
546540.956791817        0.04031   -0.05345    0.07111   -0.20096    0.02279    0.04121    0.31372    0.03541    0.33349
546541.000000000        0.03318   -0.05078    0.07443   -0.20855    0.02458    0.04337    0.30546    0.04703    0.34084
546541.256829972       -0.02606   -0.03968    0.08758   -0.25722    0.05226    0.05082    0.35910    0.10716    0.36474
546541.506878770       -0.09609   -0.02359    0.09750   -0.30519    0.06706    0.02390    0.39759    0.16773    0.37988
546541.756931567       -0.00289   -0.04056    0.09719   -0.21262    0.02875   -0.02069    0.26513    0.20480    0.43459
546542.000000000       -0.05354   -0.03262    0.08940   -0.22078    0.04003   -0.03384    0.25136    0.20429    0.44965
546542.207002799       -0.09615   -0.02263    0.08477   -0.20087    0.05095   -0.02287    0.27832    0.22692    0.45657
546542.407024233       -0.13609   -0.01244    0.07908   -0.20049    0.05105   -0.03073    0.30846    0.25170    0.45916
546542.607039667       -0.17713   -0.00290    0.07012   -0.20812    0.04042   -0.05609    0.34223    0.25549    0.45740
546542.857043459       -0.09676   -0.01419    0.05738   -0.07123    0.00598   -0.06558    0.30043    0.23530    0.47362
546543.000000000       -0.10583   -0.01270    0.04927   -0.06332    0.00384   -0.05318    0.29328    0.23039    0.48062
546543.257058327       -0.12199   -0.01050    0.03673   -0.05648    0.00884   -0.04661    0.31538    0.23733    0.48667
546543.457071761       -0.13313   -0.00735    0.02704   -0.04983    0.01417   -0.05317    0.32304    0.23612    0.48800
546543.657109195       -0.09543   -0.00994    0.02340    0.00755    0.00610   -0.05800    0.39503    0.21442    0.48583
546543.857166629       -0.09366   -0.00681    0.01179    0.01757   -0.00016   -0.05488    0.40999    0.21202    0.49103
546544.000000000       -0.09188   -0.00616    0.00389    0.02437   -0.00225   -0.05087    0.46047    0.20722    0.49559
546544.207271143       -0.08713   -0.00604   -0.00675    0.02827   -0.00289   -0.04527    0.46142    0.20295    0.50596
546544.457376941       -0.07338   -0.00567   -0.00205    0.03415    0.00101   -0.03873    0.54437    0.15830    0.51182
546544.757530098       -0.06464   -0.00431   -0.01390    0.04141   -0.00413   -0.02966    0.57884    0.16950    0.51879
546545.000000000       -0.05398   -0.00648   -0.02000    0.05142   -0.00993   -0.02476    0.63657    0.20148    0.52461
546545.307634043       -0.03871   -0.00772   -0.02956    0.05284    0.00212   -0.03575    0.62825    0.19378    0.54131
546545.607677191       -0.02361   -0.00630   -0.04516    0.04460    0.00343   -0.06805    0.63557    0.20453    0.54360
546545.907730339       -0.01694   -0.00391   -0.04115    0.02920   -0.00165   -0.07272    0.72395    0.14664    0.55868
546546.000000000       -0.01418   -0.00397   -0.04671    0.02890   -0.00167   -0.06780    0.74632    0.13938    0.56072
546546.257843853       -0.00676   -0.00487   -0.06274    0.02720   -0.00216   -0.05846    0.73855    0.13867    0.56786
546546.507818650       -0.00065   -0.00557   -0.07692    0.01771   -0.00010   -0.05362    0.72196    0.14381    0.57748
546546.757790448        0.00213   -0.00569   -0.08985    0.00364    0.00038   -0.05202    0.70621    0.13311    0.58697
546546.957784886        0.00264   -0.00581   -0.10011    0.00142   -0.00268   -0.04886    0.69102    0.15173    0.59339
546547.000000000        0.00419   -0.00521   -0.06873    0.00311   -0.00275   -0.04371    0.90237    0.07397    0.59334
