546526.998872991       -0.00024    0.00076    0.00487   -0.00001    0.00002    0.00014   -0.00003    0.00008   -0.00006
546527.000000000       -0.00024    0.00076    0.00486    0.00169   -0.00093   -0.00071    0.00009    0.00120   -0.00020
546527.006437774       -0.00139    0.00524    0.02151   -0.02302   -0.00661   -0.02644    0.02686   -0.27926    0.55310
546527.206399212       -0.00383    0.00455    0.01601   -0.00776   -0.00462   -0.02950    0.02312   -0.22264    0.56497
546527.456360010       -0.00357    0.00187    0.00819    0.00147   -0.00056   -0.03747    0.04123   -0.20237    0.55809
546527.756335167       -0.00559   -0.00127    0.00798   -0.00481    0.00058   -0.02212    0.04555   -0.32067    0.49811
546528.000000000       -0.00705   -0.00232    0.00422   -0.00167   -0.00038   -0.01715    0.04201   -0.38849    0.49341
546528.006313964       -0.00618   -0.00297    0.00472    0.00068   -0.00172   -0.01611    0.02394   -0.39358    0.47522
546528.306331112       -0.00561   -0.00384   -0.00066    0.00596    0.00121   -0.01760    0.01684   -0.38111    0.48096
546528.556332902       -0.00634   -0.00420   -0.00421   -0.00284    0.00891   -0.01179    0.00370   -0.37993    0.45772
546528.806340692       -0.00728   -0.00134   -0.00535   -0.00341    0.01522   -0.00647    0.02610   -0.40166    0.45817
546529.000000000       -0.00760    0.00146   -0.00594   -0.00236    0.01434   -0.00553    0.03490   -0.40413    0.45945
546529.256368917       -0.00736    0.00329   -0.00731    0.00404    0.00813   -0.00792    0.04698   -0.41653    0.45320
546529.606405426       -0.00761    0.00527    0.00126    0.00612    0.00181   -0.00638    0.05023   -0.49119    0.46767
546529.906407577       -0.00544    0.00475   -0.00174    0.00928   -0.00203   -0.01073    0.05594   -0.49728    0.47474
546530.000000000       -0.00526    0.00439   -0.00327    0.00934   -0.00249   -0.01252    0.05949   -0.50221    0.47499
546530.306420445       -0.00281    0.00304   -0.00736    0.00848   -0.00390   -0.01399    0.06417   -0.48966    0.47980
546530.556416238       -0.00912    0.00198   -0.00645   -0.00886    0.00022   -0.00727    0.06375   -0.53721    0.47637
546530.906387747       -0.01014    0.00159   -0.00812    0.00114    0.00104    0.00250    0.05363   -0.54069    0.48111
546531.000000000       -0.00966    0.00087   -0.00722    0.00531    0.00135    0.00474    0.06107   -0.53233    0.47893
546531.306358621       -0.00821   -0.00008   -0.00567    0.01507    0.00553    0.00637    0.06025   -0.52058    0.46335
546531.606363778       -0.00320    0.00007   -0.00391    0.01570    0.00502    0.00569    0.06234   -0.52774    0.45218
546531.956356295        0.00021    0.00153   -0.00089    0.00278    0.00191    0.00886    0.05769   -0.52039    0.45020
546532.000000000       -0.00293    0.00110   -0.00102   -0.00690    0.00159    0.00715    0.06632   -0.49542    0.44483
546532.356338160       -0.00714    0.00278    0.00065   -0.00929    0.00381    0.00085    0.05325   -0.50300    0.44275
546532.706338666       -0.00835    0.00493   -0.00095    0.00274    0.00467   -0.00812    0.04888   -0.49845    0.43506
546533.000000000       -0.01062    0.00294    0.00076    0.00096    0.00127   -0.00421    0.06825   -0.50636    0.41348
546533.356401324       -0.01118    0.00194    0.00003    0.00471    0.00038    0.00210    0.05982   -0.50526    0.39958
546533.756464192       -0.00865    0.00153    0.00006    0.01138    0.00302   -0.00174    0.06841   -0.50169    0.38770
546534.000000000       -0.00592    0.00064   -0.00035    0.01629    0.00576   -0.00489    0.06958   -0.50248    0.36938
546534.356483494        0.00084    0.00338   -0.00061    0.02145    0.01439    0.00239    0.06259   -0.49112    0.34252
546534.756545362       -0.00209    0.00265    0.00090    0.01022    0.02236    0.00271    0.04021   -0.49410    0.25042
546535.000000000       -0.00005    0.00848    0.00123    0.00993    0.02223   -0.00392    0.03738   -0.49035    0.21732
546535.306627302        0.00260    0.01438   -0.00103    0.00896    0.01536   -0.00579    0.03884   -0.49772    0.16838
546535.556646092        0.00491    0.01736   -0.00189    0.01356    0.01180   -0.00294    0.03477   -0.50166    0.12827
546535.756665524        0.00859    0.01919   -0.00165    0.02601    0.00784   -0.00122    0.04679   -0.51004    0.09815
546535.956680956        0.01509    0.02035   -0.00185    0.03973    0.00387   -0.00258    0.06062   -0.50216    0.07102
546536.000000000       -0.00315    0.01690    0.00293    0.01887    0.00736   -0.00182    0.08116   -0.51285    0.03890
546536.156702390        0.00036    0.01890    0.00219    0.02324    0.00048   -0.00096    0.07884   -0.51803    0.02378
546536.306714466        0.00354    0.01923    0.00159    0.02209   -0.00527   -0.00419    0.06898   -0.52838    0.00531
546536.456709541        0.00645    0.01873    0.00024    0.01918   -0.00631   -0.00751    0.05361   -0.53629   -0.01162
546536.606720617       -0.00290    0.01534   -0.00395   -0.00174   -0.00413   -0.00919    0.11693   -0.52460   -0.03909
546536.806750051       -0.00312    0.01440   -0.00525    0.00023   -0.00702   -0.00420    0.14248   -0.53942   -0.04794
546537.000000000       -0.00245    0.01297   -0.00494    0.00810   -0.00755    0.00394    0.15707   -0.54140   -0.05697
546537.256784282       -0.00166    0.01114   -0.00482    0.01338   -0.00270    0.00731    0.22452   -0.51949   -0.07946
546537.556813439        0.00329    0.01093   -0.00299    0.01608   -0.00253    0.00624    0.23960   -0.51390   -0.10606
546537.906827956        0.00810    0.00932   -0.00083    0.00798   -0.00722    0.00527    0.27410   -0.51207   -0.13524
546538.000000000        0.01071    0.01056   -0.00253    0.00770   -0.00696    0.00498    0.32044   -0.50713   -0.13272
546538.356817184        0.01385    0.00948   -0.00172    0.00344   -0.00803    0.00495    0.40291   -0.49037   -0.15036
546538.706769694        0.01627    0.01011   -0.00070   -0.00252   -0.01674    0.00143    0.50294   -0.47161   -0.15456
546539.000000000        0.01632    0.00444    0.00040   -0.00271   -0.03892    0.00659    0.54745   -0.44012   -0.14798
546539.356696354        0.04451   -0.01188    0.00300    0.02274   -0.06532    0.00509    0.46664   -0.44885   -0.09995
546539.756685222        0.04866   -0.03193    0.00574   -0.01922   -0.04444    0.00503    0.43694   -0.45023   -0.06909
546540.000000000        0.04038   -0.03792    0.00760   -0.05479   -0.01659    0.00719    0.43002   -0.44070   -0.05970
546540.356747521        0.01217   -0.03641    0.00953   -0.10726    0.01940    0.00296    0.42215   -0.43847   -0.06080
546540.656765669        0.00383   -0.01964    0.01555   -0.10029    0.03362   -0.00238    0.32049   -0.45846   -0.02496
546540.956791817       -0.02414   -0.01236    0.01204   -0.07608    0.00366   -0.01583    0.33370   -0.45376   -0.03751
546541.000000000       -0.02730   -0.01185    0.01251   -0.06956   -0.00373   -0.01836    0.32787   -0.45363   -0.03832
546541.306839332       -0.04204   -0.01737    0.00656   -0.03081   -0.02650   -0.02064    0.31716   -0.46496   -0.03770
546541.556890129       -0.04715   -0.02367    0.00286   -0.01176   -0.02597   -0.01142    0.31596   -0.46628   -0.03666
546541.806941927       -0.04056   -0.01720    0.00300    0.00756   -0.02799   -0.00650    0.27386   -0.47955    0.01864
546542.000000000       -0.03845   -0.02156    0.00211    0.01449   -0.03155   -0.00782    0.25756   -0.48388    0.02538
546542.257011157       -0.03383   -0.02915    0.00001    0.02244   -0.03480   -0.00980    0.24763   -0.48084    0.03492
546542.457028591       -0.02930   -0.03534   -0.00119    0.02432   -0.03314   -0.00492    0.23835   -0.48083    0.04146
546542.657042025       -0.02468   -0.04128   -0.00210    0.02304   -0.03008   -0.00124    0.24946   -0.48438    0.04188
546542.907043818       -0.01907   -0.03040    0.00158    0.01809   -0.02481   -0.00360    0.20339   -0.47511    0.10339
546543.000000000       -0.01819   -0.03150    0.00106    0.01500   -0.02715   -0.00434    0.20059   -0.47593    0.10942
546543.257058327       -0.01577   -0.03776   -0.00120    0.01124   -0.02827   -0.00920    0.19053   -0.46622    0.11900
546543.507078120       -0.01391   -0.04328   -0.00356    0.01383   -0.02163   -0.01115    0.16261   -0.47073    0.12543
546543.707122554       -0.01015   -0.03114   -0.00446    0.02155   -0.01191   -0.01018    0.12990   -0.47141    0.17963
546543.907179988       -0.00605   -0.03106   -0.00539    0.02376   -0.01472   -0.00097    0.10867   -0.47364    0.18763
546544.000000000       -0.00462   -0.03132   -0.00488    0.02128   -0.01796    0.00340    0.09682   -0.45747    0.19135
546544.207271143       -0.00202   -0.03467   -0.00428    0.01224   -0.02229    0.00579    0.10191   -0.45350    0.20093
546544.457376941        0.00204   -0.02867    0.00045    0.00804   -0.02352    0.00127    0.11240   -0.46335    0.24894
546544.757530098        0.00284   -0.03227   -0.00157    0.00451   -0.01908   -0.00472    0.10185   -0.45378    0.26564
546545.000000000        0.00284   -0.03523   -0.00337   -0.00038   -0.01219   -0.00701    0.11707   -0.43350    0.26398
546545.307634043        0.00148   -0.03730   -0.00611   -0.00625   -0.00279   -0.01184    0.09046   -0.45183    0.26017
546545.657677549       -0.00158   -0.03830   -0.01172   -0.01195   -0.00704   -0.01611    0.05547   -0.43993    0.25169
546545.957766697        0.00578   -0.02599   -0.00884   -0.00429   -0.01450   -0.01389    0.08346   -0.46035    0.29527
546546.000000000        0.00587   -0.02562   -0.00935   -0.00414   -0.01502   -0.01488    0.07767   -0.45839    0.29862
546546.257843853        0.00423   -0.02969   -0.01444   -0.00995   -0.01787   -0.02279    0.07429   -0.46461    0.30138
546546.507818650        0.00104   -0.03380   -0.02029   -0.01914   -0.01587   -0.02225    0.07030   -0.47191    0.30667
546546.757790448       -0.00471   -0.03755   -0.02483   -0.02696   -0.01464   -0.01412    0.05933   -0.49601    0.31394
546546.957784886       -0.00982   -0.04050   -0.02703   -0.02417   -0.01473   -0.00780    0.04937   -0.48677    0.32446
546547.000000000       -0.00193   -0.02762   -0.02020   -0.01101   -0.01103   -0.00707    0.06923   -0.51401    0.36342
546547.157785321       -0.00357   -0.02914   -0.02128   -0.00830   -0.01067   -0.00526    0.05057   -0.50056    0.37045
546547.357786755       -0.00526   -0.03085   -0.02224   -0.01065   -0.00756   -0.00348    0.04022   -0.50495    0.37958
546547.557785189       -0.00702   -0.03187   -0.02246   -0.00839    0.00226   -0.00381    0.04236   -0.49271    0.38487
546547.757768623       -0.00483   -0.02144   -0.01928    0.00192    0.00488   -0.00052    0.00819   -0.46819    0.41616
546547.957755057       -0.00436   -0.02156   -0.01809    0.00234    0.00142    0.00056    0.01521   -0.51815    0.41017
546548.000000000       -0.00402   -0.02179   -0.01840    0.00271    0.00069    0.00131    0.01132   -0.52665    0.40966
546548.257700213       -0.00219   -0.01951   -0.01281    0.00269   -0.00284    0.00651    0.02292   -0.52259    0.42738
546548.557703370       -0.00219   -0.01938   -0.01191   -0.00078    0.00424    0.00416    0.02378   -0.53016    0.42938
546548.807717167       -0.00271   -0.01802   -0.01202   -0.00233    0.01005   -0.00396    0.02974   -0.52010    0.41981
546549.000000000       -0.00336   -0.01612   -0.01269   -0.00555    0.01128   -0.00443    0.03369   -0.51526    0.41249
546549.357588122       -0.00406   -0.00956   -0.00894   -0.00443    0.01160    0.00444    0.04012   -0.51976    0.41493
546549.657590279       -0.00439   -0.00702   -0.00624   -0.00062    0.00578    0.00561    0.04540   -0.51936    0.41468
546550.000000000       -0.00406   -0.00522   -0.00417    0.00215    0.00517    0.00429    0.03657   -0.51157    0.41384
546550.257513588       -0.00394   -0.00503   -0.00352    0.00039   -0.00042    0.00362    0.03822   -0.51933    0.41199
546550.607427097       -0.00095   -0.00564   -0.00435    0.00471   -0.00151    0.00339    0.02413   -0.50842    0.40708
546550.907404248        0.00021   -0.00477   -0.00377    0.00218    0.00080   -0.00182    0.02131   -0.50566    0.40491
546551.000000000        0.00033   -0.00446   -0.00463    0.00049    0.00189   -0.00572    0.01963   -0.48896    0.40430
546551.307367122       -0.00021   -0.00315   -0.00722   -0.00339    0.00020   -0.00580    0.02217   -0.48515    0.40252
546551.557371920        0.00258    0.00539   -0.00876   -0.00124   -0.00194   -0.00085    0.01508   -0.48520    0.42830
546551.907548436        0.00164    0.00308   -0.00769   -0.00505   -0.01502    0.00365    0.02056   -0.48364    0.43107
546552.000000000        0.00136    0.00245   -0.00790   -0.00542   -0.01975    0.00367    0.02286   -0.46480    0.43662
546552.307557303       -0.00172   -0.00499   -0.00552   -0.01306   -0.03483    0.00950    0.04197   -0.45391    0.45401
546552.607544451       -0.00729   -0.01525   -0.00127   -0.01867   -0.03716    0.01816    0.04321   -0.43209    0.47288
546552.957613957       -0.01486   -0.02617    0.00511   -0.02567   -0.02311    0.01198    0.04355   -0.40715    0.49666
546553.000000000       -0.00373   -0.02018    0.00611   -0.01390   -0.02122    0.00887    0.04033   -0.39096    0.52008
546553.307752476       -0.00828   -0.02308    0.00720   -0.01724   -0.00276   -0.00393    0.03692   -0.38896    0.53887
546553.457753556       -0.01081   -0.02233    0.00579   -0.01890    0.00268   -0.00875    0.03222   -0.39679    0.55011
546553.607854636       -0.01329   -0.02122    0.00483   -0.01619    0.00846   -0.01418    0.03061   -0.40421    0.55851
546553.757926716       -0.01573   -0.01963    0.00208   -0.01564    0.01189   -0.01966    0.03678   -0.40340    0.56297
546553.907969796       -0.00479   -0.01660    0.00307   -0.00192    0.01108   -0.02153    0.03483   -0.41128    0.57382
546554.000000000       -0.00604   -0.01511    0.00048   -0.00746    0.01165   -0.02213    0.05099   -0.37177    0.58448
546554.258048313       -0.00931   -0.01228   -0.00432   -0.01270    0.01152   -0.01615    0.00588   -0.41048    0.57777
546554.558055470       -0.01126   -0.00852   -0.00764    0.00083    0.01231   -0.00864    0.00561   -0.42511    0.58085
546554.758051908       -0.01000   -0.00608   -0.00958    0.01026    0.01010   -0.00820    0.00425   -0.40835    0.58052
546554.958062346       -0.00679   -0.00527   -0.01236    0.01282    0.01215   -0.00975    0.04794   -0.34604    0.55856
546555.000000000       -0.00930   -0.00323   -0.01042    0.00815    0.01620    0.00247   -0.01196   -0.41228    0.58826
546555.208052144       -0.00769    0.00027   -0.00932    0.00725    0.01861    0.00713    0.01103   -0.39130    0.59282
546555.458042941       -0.00514    0.00422   -0.01257    0.01454    0.01377   -0.04350    0.04870   -0.31588    0.58563
546555.608019020       -0.00145    0.00505   -0.02188    0.03059   -0.00737   -0.09810    0.08117   -0.28120    0.57956
546555.707945739        0.00156    0.00415   -0.03322    0.02911   -0.00932   -0.12262    0.08038   -0.39232    0.57994
546555.807704458       -0.04262    0.00766   -0.09340    0.04542   -0.05209   -0.37018   -0.11283   -2.50808    0.57885
546555.907860177       -0.04240    0.00298   -0.12438    0.06199   -0.05170   -0.22956   -0.23851   -2.30832    0.57455
546556.000000000       -0.08543    0.00833   -0.14507   -0.00023   -0.02785   -0.03603   -0.17463   -2.47449    0.56995
546556.157861970       -0.07606    0.00363   -0.13284    0.06573   -0.00990    0.14445   -0.10239   -2.47927    0.58364
546556.257859686       -0.06477    0.00299   -0.11708    0.09504   -0.00061    0.15806   -0.09026   -2.29617    0.58831
546556.507861476       -0.04001    0.00230   -0.07296    0.10143    0.00094    0.18590   -0.09081   -2.30747    0.58782
546556.707862908       -0.01751    0.00213   -0.03594    0.12869   -0.00216    0.18403   -0.14183   -2.30842    0.58505
546556.907864340       -0.05630    0.00924   -0.02782    0.05064    0.01353    0.16094   -0.13805   -2.24956    0.58671
546557.000000000       -0.04943    0.00921   -0.01331    0.05048    0.01519    0.15733   -0.13850   -2.22969    0.58541
546557.207866494       -0.03674    0.01168    0.01922    0.06138    0.01156    0.15609   -0.14787   -2.22242    0.58555
