546526.998872991       -0.00024    0.00076    0.00487   -0.00001    0.00002    0.00014   -0.00003    0.00008   -0.00006
546527.000000000       -0.00024    0.00076    0.00486    0.00169   -0.00093   -0.00071    0.00008    0.00118   -0.00023
546527.006437774       -0.00105    0.00446    0.02315   -0.00679   -0.00172   -0.03617    0.01695   -0.23757    0.45322
546527.356363291       -0.00324    0.00204    0.01067    0.00079   -0.00546   -0.03339    0.03932   -0.23291    0.41088
546527.806328526       -0.00072    0.00180   -0.00304    0.01811    0.00280   -0.02813    0.00479   -0.24614    0.41189
546528.000000000        0.00383    0.00263   -0.00920    0.02688    0.00438   -0.02818   -0.01793   -0.24288    0.40753
546528.206303396        0.01032    0.00335   -0.01614    0.03473    0.00368   -0.03237   -0.02121   -0.22326    0.40428
546528.606333260        0.02626    0.00466   -0.02934    0.05138    0.00793   -0.02644   -0.02334   -0.20344    0.39187
546529.006352174        0.04997    0.01043   -0.03832    0.07565    0.01542   -0.02569    0.00824   -0.21174    0.39595
546529.456390351        0.08621    0.01369   -0.04873    0.09702    0.00030   -0.02403    0.05296   -0.23085    0.39496
546530.006400294        0.13948    0.00664   -0.06374    0.10666   -0.02024   -0.02915    0.05381   -0.22223    0.38650
546530.456421521        0.18897   -0.00614   -0.07896    0.10889   -0.02389   -0.03716    0.05232   -0.23290    0.38144
546531.006371464        0.24243   -0.02260   -0.09480    0.11682   -0.02830   -0.02233    0.01881   -0.23095    0.36830
546531.506363059        0.31137   -0.03893   -0.09912    0.14873   -0.03091   -0.01311    0.02953   -0.22903    0.35959
546532.106340370        0.41053   -0.05606   -0.11013    0.18632   -0.02220   -0.02146    0.04772   -0.22077    0.34115
546532.706338666        0.52779   -0.07211   -0.12736    0.20647   -0.02667   -0.03844    0.05035   -0.23590    0.29768
546533.306400965        0.65033   -0.09228   -0.15576    0.22246   -0.03210   -0.02896    0.07498   -0.23602    0.25542
546533.856468909        0.78522   -0.10841   -0.17099    0.24386   -0.01517   -0.02007    0.08722   -0.23825    0.21084
546534.406486852        0.94023   -0.11310   -0.18355    0.26337    0.00108   -0.01492    0.10380   -0.21549    0.11787
546535.006587154        1.09853   -0.11717   -0.18885    0.26964   -0.01317   -0.01529    0.09063   -0.19263   -0.04400
546535.456637376        1.18929   -0.13151   -0.20759    0.26501   -0.03557   -0.02105    0.10982   -0.17778   -0.15837
546535.806668882        1.26412   -0.14880   -0.23254    0.26380   -0.05701   -0.02538    0.16392   -0.14318   -0.23813
546536.056689723        1.35549   -0.17304   -0.23795    0.26594   -0.08112   -0.02761    0.18016   -0.15128   -0.28222
546536.306714466        1.42207   -0.20219   -0.27237    0.25740   -0.09141   -0.03120    0.25622   -0.11361   -0.32360
546536.556711258        1.48279   -0.22175   -0.28477    0.25045   -0.09203   -0.02797    0.24504   -0.12286   -0.34720
546536.856755409        1.52857   -0.25769   -0.30943    0.24789   -0.09815   -0.02126    0.35719   -0.07986   -0.39026
546537.256784282        1.52878   -0.30177   -0.31939    0.23682   -0.09371   -0.01346    0.53243   -0.02678   -0.46996
546537.756819877        1.32729   -0.33172   -0.37810    0.19579   -0.08176   -0.01930    0.61651    0.06467   -0.60222
546538.356817184        1.14653   -0.38161   -0.44755    0.12991   -0.09419   -0.02884    0.58295    0.13857   -0.73895
546538.956733486        1.10259   -0.42397   -0.51020    0.09481   -0.12772   -0.02758    0.55495    0.20372   -0.73855
546539.456689071        1.11030   -0.49176   -0.51517    0.06058   -0.12946   -0.02311    0.57626    0.21768   -0.71867
546540.056715423        1.10804   -0.55249   -0.52800   -0.02540   -0.07426   -0.03566    0.59844    0.22977   -0.68717
546540.606762311        1.05706   -0.56000   -0.55685   -0.06759   -0.01111   -0.04592    0.59319    0.23070   -0.68247
546541.056804584        1.04576   -0.56866   -0.57319   -0.03299   -0.03327   -0.06784    0.63061    0.22269   -0.71500
546541.506878770        1.03705   -0.59293   -0.60625    0.01533   -0.08302   -0.06910    0.61713    0.18455   -0.72411
546541.956983005        1.03159   -0.62161   -0.62817    0.04838   -0.09053   -0.04896    0.61358    0.15451   -0.70681
546542.357021874        1.06867   -0.65624   -0.64445    0.07491   -0.09326   -0.04719    0.60920    0.13828   -0.69032
546542.657042025        1.13411   -0.69653   -0.64767    0.08779   -0.09504   -0.04315    0.57776    0.11317   -0.69229
546543.007048535        1.32451   -0.78888   -0.62307    0.11858   -0.10545   -0.03536    0.56311    0.08018   -0.70466
546543.357065044        1.63255   -0.90866   -0.58919    0.16361   -0.10848   -0.03384    0.47087    0.04729   -0.70613
546543.707122554        1.89489   -0.99503   -0.56296    0.19835   -0.10015   -0.03028    0.47305    0.00713   -0.69766
546544.007208705        1.99958   -1.04584   -0.56498    0.19679   -0.09987   -0.02269    0.50517    0.00514   -0.69861
546544.357376222        2.29560   -1.14400   -0.55575    0.18946   -0.09589   -0.02390    0.52431   -0.01074   -0.69931
546544.757530098        2.48837   -1.26049   -0.52913    0.17039   -0.09620   -0.03024    0.52074   -0.06508   -0.74194
546545.207607327        2.47991   -1.29711   -0.53687    0.13564   -0.09545   -0.03602    0.52473   -0.07262   -0.75433
546545.857688981        2.52066   -1.36490   -0.56335    0.11790   -0.09362   -0.04811    0.51300   -0.08169   -0.77573
546546.257843853        2.57479   -1.42838   -0.60026    0.12567   -0.10272   -0.05886    0.51223   -0.09055   -0.80393
546546.657801729        2.56074   -1.46406   -0.62242    0.11644   -0.10364   -0.04698    0.49061   -0.09573   -0.79973
546546.957784886        2.53110   -1.48866   -0.62627    0.11361   -0.10770   -0.03074    0.46605   -0.10898   -0.79327
546547.207785679        2.61782   -1.53468   -0.64379    0.12647   -0.10890   -0.02778    0.43159   -0.11673   -0.79862
546547.507787830        2.74312   -1.58378   -0.65509    0.13947   -0.10241   -0.02126    0.42479   -0.15376   -0.79882
546547.807762981        2.82770   -1.60189   -0.66381    0.14383   -0.10097   -0.01886    0.39462   -0.10812   -0.79068
546548.107741134        2.91363   -1.62625   -0.68052    0.13535   -0.10905   -0.01944    0.39313   -0.06718   -0.78745
546548.607708729        2.96487   -1.65564   -0.69734    0.11105   -0.11769   -0.03322    0.39425   -0.06457   -0.76629
546549.107677324        3.04749   -1.70822   -0.73455    0.10658   -0.11171   -0.03826    0.36867   -0.06233   -0.77209
546549.657590279        2.94118   -1.73296   -0.72417    0.08927   -0.11708   -0.02473    0.36300   -0.06732   -0.76817
546550.207526229        2.91612   -1.78268   -0.75865    0.06759   -0.12213   -0.02317    0.35603   -0.03773   -0.76986
546550.707427814        3.06633   -1.85419   -0.75403    0.06062   -0.10233   -0.02329    0.35334   -0.03201   -0.78320
546551.207369403        3.04595   -1.87084   -0.76377    0.04966   -0.09187   -0.03817    0.37775   -0.01454   -0.79872
546551.657465639        2.82875   -1.88985   -0.79898    0.01895   -0.12656   -0.04790    0.39328    0.01644   -0.81751
546552.207559587        2.89076   -1.96398   -0.83409    0.00574   -0.17043   -0.04189    0.41457    0.04277   -0.77276
546552.657546809        2.83492   -2.05965   -0.87409   -0.01030   -0.15804   -0.03135    0.41731    0.07290   -0.73826
546553.157632396        2.78732   -2.12744   -0.90189   -0.03117   -0.11369   -0.03482    0.41380    0.10699   -0.69962
546553.457753556        2.72522   -2.15854   -0.93138   -0.04713   -0.09955   -0.05161    0.40078    0.11377   -0.69232
546553.657879996        2.69122   -2.18774   -0.93444   -0.04915   -0.09159   -0.06444    0.39937    0.09675   -0.70267
546553.857961436        2.67590   -2.23794   -0.94436   -0.05044   -0.09136   -0.07193    0.38728    0.10943   -0.72516
546554.208035954        3.25862   -2.39378   -1.00532    0.00721   -0.10542   -0.05923    0.36282    0.07822   -0.74413
546554.608051830        3.48013   -2.21473   -0.89859   -0.00488   -0.09325   -0.03708    0.31403    0.05070   -0.63246
546554.908061987        3.47927   -2.24428   -0.90712    0.00067   -0.10162   -0.02498    0.35878    0.08168   -0.63567
546555.208052144        3.48302   -2.27674   -0.90080   -0.00413   -0.09554   -0.05197    0.33050   -0.14232   -0.73380
