546526.998872991       -0.00024    0.00076    0.00487   -0.00001    0.00002    0.00014   -0.00003    0.00008   -0.00006
546527.000000000       -0.00024    0.00076    0.00486    0.00169   -0.00093   -0.00071    0.00008    0.00121   -0.00021
546527.006437774       -0.00142    0.00642    0.02014   -0.01421   -0.00376   -0.02758    0.01085   -0.24379    0.68881
546527.206399212       -0.00513    0.00416    0.01409   -0.01189   -0.01005   -0.02313    0.02713   -0.21317    0.70330
546527.456360010       -0.00798    0.00019    0.00828   -0.00172   -0.00182   -0.02734    0.04307   -0.20731    0.71157
546527.756335167       -0.00538   -0.00024    0.00109    0.02260    0.00990   -0.02681    0.05128   -0.17877    0.73305
546528.000000000       -0.02021   -0.00388    0.00801   -0.00954    0.00300   -0.01611    0.04604   -0.36723    0.61946
546528.006313964       -0.02169   -0.00428    0.00815   -0.01026    0.00241   -0.01705    0.03101   -0.37687    0.60621
546528.306331112       -0.02257   -0.00372    0.00118    0.01091    0.00765   -0.02437    0.01117   -0.36055    0.60412
546528.556332902       -0.01544    0.00033   -0.00389    0.02782    0.01858   -0.01534    0.01816   -0.34141    0.61898
546528.756337334       -0.01976   -0.00188    0.00589    0.01556    0.01174    0.00188    0.01612   -0.46310    0.53925
546528.956348766       -0.01178   -0.00118    0.00435    0.02840   -0.00968    0.01191    0.03369   -0.43521    0.54974
546529.000000000       -0.00753   -0.00080    0.00394    0.03357   -0.01719    0.01313    0.01947   -0.42882    0.56146
546529.206364558        0.00011   -0.00618    0.00572    0.03684   -0.03035   -0.00034    0.02030   -0.41771    0.57604
546529.456390351        0.00857   -0.01776    0.00858    0.02427   -0.01055   -0.04246    0.02056   -0.49688    0.55030
546529.806406860        0.01415   -0.01135   -0.01234    0.00314    0.03364   -0.05496    0.01629   -0.53397    0.55489
546530.000000000        0.01507   -0.00459   -0.01894   -0.00703    0.03653   -0.01787    0.02699   -0.55892    0.54723
546530.306420445        0.01277   -0.00323   -0.01457   -0.00879    0.01298    0.01156    0.01192   -0.56204    0.49780
546530.556416238        0.01051    0.00055   -0.01290   -0.01156    0.00557    0.00912    0.00290   -0.57982    0.51609
546530.856397389        0.00581    0.00226   -0.01034   -0.01758    0.01125    0.01027   -0.00448   -0.56807    0.51399
546531.000000000        0.00333    0.00176   -0.01276   -0.01784    0.01324    0.01037   -0.00437   -0.55452    0.50059
546531.306358621       -0.00122    0.00528   -0.00892   -0.01222    0.01250    0.01264   -0.00685   -0.54551    0.48488
546531.656365138       -0.00478    0.00652   -0.00507   -0.00668    0.00279    0.00950   -0.01237   -0.54767    0.47873
546532.000000000       -0.01001    0.00225   -0.00459   -0.01469    0.00160    0.00746   -0.00334   -0.49766    0.45869
546532.356338160       -0.01530    0.00181   -0.00044   -0.00633    0.00156    0.00933   -0.02065   -0.50405    0.45153
546532.756339024       -0.01376    0.00263    0.00115    0.01138    0.00743    0.00312   -0.03211   -0.48135    0.43902
546533.000000000       -0.01670   -0.00041    0.00484    0.00062    0.01766    0.00270   -0.01512   -0.48341    0.39483
546533.356401324       -0.01870    0.00345    0.00601    0.00295    0.01423    0.00241   -0.01744   -0.47304    0.36328
546533.756464192       -0.01563    0.00628    0.00535    0.01246    0.00266   -0.00633   -0.00712   -0.46595    0.35154
546534.000000000       -0.01238    0.00672    0.00422    0.01578    0.00372   -0.01048   -0.01137   -0.47172    0.33774
546534.356483494       -0.00488    0.00857    0.00136    0.02758    0.01766   -0.00515   -0.01307   -0.46695    0.32106
546534.856576079       -0.00990    0.01164    0.00237    0.01874    0.02772    0.00035    0.02905   -0.46475    0.20721
546535.000000000       -0.00743    0.01695    0.00246    0.01945    0.02351   -0.00625    0.02969   -0.46298    0.18670
546535.306627302       -0.00044    0.02341   -0.00125    0.02450    0.01069   -0.00763    0.03017   -0.46658    0.14457
546535.556646092        0.00677    0.02517   -0.00295    0.03273   -0.00014   -0.00413    0.03231   -0.46999    0.11008
546535.756665524        0.01431    0.02416   -0.00301    0.04245   -0.01213   -0.00181    0.04763   -0.47938    0.08984
546535.956680956        0.02358    0.02026   -0.00273    0.05138   -0.02711    0.00414    0.06871   -0.46826    0.07804
546536.000000000        0.00239    0.02194    0.00043    0.02387   -0.02158    0.00679    0.10180   -0.47368    0.07022
546536.156702390        0.00607    0.01864    0.00206    0.02504   -0.02667    0.01395    0.10625   -0.47035    0.06997
546536.306714466        0.00975    0.01514    0.00377    0.02227   -0.02530    0.00972    0.11222   -0.46753    0.06885
546536.456709541        0.01277    0.01165    0.00407    0.01899   -0.02009   -0.00097    0.09842   -0.46508    0.06959
546536.606720617        0.00529    0.01029    0.00077   -0.00232   -0.01257   -0.00696    0.12610   -0.45365    0.06742
546536.806750051        0.00432    0.00818   -0.00074   -0.00761   -0.01075   -0.00530    0.16721   -0.46327    0.06989
546537.000000000        0.00286    0.00651   -0.00190   -0.00631   -0.01085   -0.00210    0.19554   -0.46455    0.06916
546537.256784282        0.00169    0.00318   -0.00687   -0.00053   -0.01099    0.00332    0.27538   -0.44099    0.06544
546537.556813439        0.00362    0.00185   -0.00611    0.01088   -0.00898    0.00718    0.29883   -0.43537    0.06085
546537.906827956        0.00834   -0.00002   -0.00337    0.00923   -0.00492    0.00521    0.34321   -0.43238    0.04834
546538.000000000        0.01529    0.00530   -0.02030    0.01042   -0.00153    0.00192    0.47505   -0.37669    0.07565
546538.356817184        0.01996    0.00822   -0.01709   -0.00039   -0.00322    0.01136    0.54410   -0.35854    0.07107
546538.656777335        0.02176    0.01007   -0.01166    0.00017   -0.01897    0.02227    0.57830   -0.33572    0.09344
546539.000000000        0.02331   -0.00148   -0.00179   -0.00304   -0.05542    0.04439    0.70906   -0.26987    0.10825
546539.306699996        0.07658   -0.02672    0.00027    0.04280   -0.09295    0.06608    0.62607   -0.21662    0.18826
546539.706679864        0.08331   -0.05361    0.02857   -0.02427   -0.05105    0.04405    0.65896   -0.15116    0.28405
546540.000000000        0.07215   -0.05722    0.03907   -0.09428   -0.00106    0.03351    0.65752   -0.10717    0.30238
546540.306744163        0.03178   -0.04910    0.04962   -0.17420    0.02583    0.04445    0.67784   -0.06418    0.32015
546540.556760953        0.09526   -0.06368    0.04008   -0.10504   -0.00030    0.04388    0.63029    0.01236    0.39486
546540.856781101        0.06393   -0.05904    0.05556   -0.14259    0.00479    0.04339    0.63145    0.05409    0.43778
546541.000000000        0.04450   -0.05507    0.06474   -0.16486    0.01313    0.05054    0.63267    0.08882    0.45918
546541.256829972       -0.00191   -0.04637    0.07820   -0.20433    0.03206    0.04790    0.68310    0.14373    0.48884
546541.506878770       -0.05779   -0.03594    0.08967   -0.24222    0.04007    0.03487    0.72168    0.20335    0.50813
546541.756931567        0.02379   -0.05514    0.09408   -0.13684    0.02160    0.03665    0.66156    0.26045    0.55446
546542.000000000       -0.01089   -0.04383    0.10155   -0.16648    0.04934    0.01631    0.69706    0.30092    0.57472
546542.207002799       -0.04693   -0.03094    0.10124   -0.18089    0.06150   -0.01924    0.73084    0.33291    0.57997
546542.407024233       -0.08452   -0.01772    0.09396   -0.19019    0.06325   -0.04244    0.75901    0.34841    0.57878
546542.607039667       -0.12254   -0.00598    0.08275   -0.18687    0.04864   -0.06453    0.79719    0.34167    0.57348
546542.857043459       -0.07495   -0.01150    0.06608   -0.05620    0.01019   -0.06686    0.80934    0.31485    0.57471
546543.000000000       -0.07944   -0.00998    0.05817   -0.03985    0.00657   -0.05419    0.78299    0.30683    0.57877
546543.257058327       -0.08752   -0.00674    0.04533   -0.02056    0.00829   -0.04780    0.78548    0.30577    0.58652
546543.457071761       -0.09157   -0.00406    0.03548   -0.01159    0.00893   -0.05177    0.79979    0.29651    0.59334
546543.657109195       -0.06447   -0.01014    0.02938    0.03529    0.00368   -0.05293    0.86731    0.27008    0.57619
546543.857166629       -0.05688   -0.00589    0.01962    0.03764    0.00894   -0.04950    0.85517    0.26107    0.58290
546544.000000000       -0.05178   -0.00291    0.01330    0.03435    0.01640   -0.04335    0.88509    0.25708    0.58387
546544.207271143       -0.04597    0.00094    0.00541    0.02751    0.01399   -0.03374    0.93413    0.24288    0.58938
546544.457376941       -0.03286   -0.00316    0.01390    0.02901    0.00099   -0.02655    1.06980    0.18562    0.57165
546544.757530098       -0.02825   -0.00093    0.00248    0.01169    0.00820   -0.04105    1.09409    0.19073    0.58018
546545.000000000       -0.02796    0.00167   -0.00984    0.00169    0.01520   -0.05550    1.12707    0.20316    0.57621
546545.307634043       -0.02770    0.00742   -0.02802    0.00676    0.02153   -0.05741    1.13455    0.16602    0.57390
546545.607677191       -0.02270    0.01217   -0.04622    0.02659    0.00859   -0.06330    1.14834    0.16354    0.56835
546545.907730339       -0.02056    0.01051   -0.03896    0.02634   -0.00147   -0.05309    1.25101    0.11498    0.56692
546546.000000000       -0.01915    0.01005   -0.04184    0.02259    0.00048   -0.04921    1.25750    0.11267    0.56676
546546.207843493       -0.01510    0.01012   -0.05230    0.02019    0.00046   -0.04866    1.24662    0.12675    0.56957
546546.457824291       -0.00992    0.00960   -0.06414    0.02364   -0.00412   -0.04909    1.21269    0.13751    0.58398
546546.707796088       -0.00309    0.00770   -0.07670    0.03058   -0.00220   -0.05195    1.18338    0.14041    0.59226
546546.907784526        0.00308    0.00728   -0.08701    0.02964    0.00468   -0.05482    1.17120    0.13710    0.59164
546547.000000000        0.00276    0.00355   -0.05785    0.02515    0.00834   -0.05084    1.38610    0.06106    0.57213
546547.157785321        0.00528    0.00532   -0.06652    0.01592    0.01137   -0.05000    1.36994    0.07900    0.56291
546547.357786755        0.00685    0.00756   -0.07643    0.00061    0.00574   -0.04811    1.36270    0.08495    0.55236
546547.557785189        0.00657    0.00837   -0.08578   -0.00549    0.00430   -0.05164    1.35421    0.10953    0.55539
546547.757768623        0.00749    0.00721   -0.06533    0.00032    0.00062   -0.04510    1.51316    0.09300    0.54966
546547.957755057        0.00612    0.00687   -0.07237   -0.00426   -0.00200   -0.04096    1.51614    0.05516    0.54850
546548.000000000        0.00506    0.00672   -0.07395   -0.00685   -0.00329   -0.03917    1.51545    0.04874    0.55065
546548.257700213        0.00216    0.00252   -0.04635   -0.00884   -0.00843   -0.03438    1.72877    0.01556    0.55011
546548.507701010       -0.00060    0.00126   -0.05647   -0.00860   -0.00296   -0.04943    1.69677    0.03674    0.56239
