546526.998872991       -0.00024    0.00076    0.00487   -0.00001    0.00002    0.00014   -0.00003    0.00008   -0.00006
546527.000000000       -0.00024    0.00076    0.00486    0.00169   -0.00093   -0.00071    0.00008    0.00121   -0.00020
546527.006437774       -0.00146    0.00605    0.02076   -0.01931   -0.01023   -0.03003    0.02858   -0.26044    0.65372
546527.206399212       -0.00625    0.00463    0.01328   -0.01585   -0.00882   -0.02699    0.00574   -0.23589    0.69567
546527.456360010       -0.00877    0.00076    0.00725   -0.00123   -0.00080   -0.02849    0.04926   -0.21779    0.72092
546527.756335167       -0.01378   -0.00311    0.00852   -0.01335   -0.00000   -0.01721    0.06669   -0.27595    0.61933
546528.000000000       -0.01500   -0.00471    0.00495   -0.00264   -0.00787   -0.01726    0.07156   -0.33233    0.62783
546528.006313964       -0.01415   -0.00514    0.00577   -0.00036   -0.01166   -0.01783    0.04618   -0.34152    0.61262
546528.306331112       -0.01031   -0.00941    0.00007    0.01398   -0.01127   -0.01756    0.03816   -0.30648    0.63182
546528.556332902       -0.01179   -0.01714    0.00759   -0.00182    0.00967   -0.00512    0.01051   -0.40887    0.52800
546528.806340692       -0.01301   -0.00754    0.00270   -0.00743    0.03695   -0.00570    0.00060   -0.40407    0.55227
546529.000000000       -0.01296   -0.00168    0.00270   -0.00271    0.02485    0.00104    0.00430   -0.40263    0.54265
546529.206364558       -0.01196   -0.00000    0.00201    0.01228   -0.00280   -0.01611    0.01070   -0.40137    0.53919
546529.456390351       -0.01021   -0.00734    0.00353    0.01781   -0.00955   -0.04326    0.02629   -0.48806    0.50880
546529.756406502       -0.00297   -0.00420   -0.01048    0.02107    0.02381   -0.04386    0.01838   -0.51367    0.51113
546530.000000000        0.00212    0.00102   -0.01649    0.01355    0.02359   -0.01122    0.04049   -0.54180    0.49689
546530.306420445        0.00360   -0.00037   -0.00977    0.00144    0.00608    0.00755    0.00086   -0.56451    0.44938
546530.556416238        0.00359    0.00105   -0.00937   -0.00408    0.00814    0.00351    0.01299   -0.58055    0.45047
546530.856397389        0.00246    0.00198   -0.00960   -0.00479    0.01279   -0.00067    0.02100   -0.57092    0.43390
546531.000000000        0.00111    0.00231   -0.01319   -0.00886    0.01585   -0.00147    0.04210   -0.56008    0.42062
546531.306358621       -0.00124    0.00670   -0.01275   -0.00785    0.01894    0.00209    0.05258   -0.56072    0.39663
546531.656365138       -0.00402    0.00887   -0.01158   -0.00448    0.00328    0.00771    0.06774   -0.56701    0.37528
546532.000000000       -0.00755    0.00336   -0.00906   -0.00780   -0.00533    0.01643    0.06906   -0.52113    0.34952
546532.356338160       -0.01028    0.00083   -0.00311   -0.00010   -0.00239    0.01364    0.05012   -0.52474    0.33956
546532.756339024       -0.00765   -0.00037   -0.00059    0.01293    0.00816    0.00123    0.03175   -0.50727    0.31617
546533.000000000       -0.01112   -0.00345   -0.00206    0.00115    0.01967   -0.00207    0.06002   -0.49995    0.26654
546533.356401324       -0.01286    0.00370   -0.00124   -0.00213    0.02067    0.00241    0.04557   -0.49932    0.23154
546533.756464192       -0.01256    0.01027    0.00031    0.00274    0.01124    0.00184    0.05874   -0.49674    0.20493
546534.000000000       -0.01131    0.01217    0.00154    0.00771    0.00873   -0.00076    0.06427   -0.49679    0.18654
546534.356483494       -0.00594    0.01538    0.00286    0.02332    0.00762    0.00656    0.06511   -0.48512    0.15957
546534.856576079       -0.00919    0.01399    0.00651    0.02285   -0.00199    0.00803    0.07759   -0.47404    0.09220
546535.000000000       -0.00632    0.01361    0.00728    0.02495   -0.00599    0.00021    0.07894   -0.46851    0.07684
546535.306627302        0.00170    0.01228    0.00451    0.02449   -0.01019   -0.00891    0.07751   -0.47290    0.05016
546535.556646092        0.00804    0.01029    0.00262    0.02515   -0.01007   -0.00606    0.06744   -0.47795    0.01876
546535.756665524        0.01371    0.00844    0.00239    0.03136   -0.01410    0.00112    0.07930   -0.48767   -0.00371
546535.956680956        0.02054    0.00454    0.00344    0.03793   -0.02576    0.00756    0.09946   -0.47520   -0.01812
546536.000000000        0.00366    0.01141    0.00516    0.01476   -0.02002    0.00896    0.12653   -0.47775   -0.00726
546536.156702390        0.00550    0.00788    0.00656    0.01542   -0.02720    0.01093    0.13252   -0.47499   -0.00781
546536.306714466        0.00758    0.00385    0.00786    0.01353   -0.02777    0.00314    0.15101   -0.47249   -0.00732
546536.456709541        0.00937    0.00012    0.00737    0.01150   -0.02209   -0.00564    0.15158   -0.47296   -0.00364
546536.606720617        0.00536    0.00222    0.00127   -0.00287   -0.01422   -0.00903    0.19452   -0.45609    0.01205
546536.806750051        0.00496   -0.00118    0.00033   -0.00466   -0.01422   -0.00184    0.25274   -0.46299    0.01279
546537.000000000        0.00425   -0.00419    0.00059   -0.00162   -0.01294    0.00300    0.27844   -0.46091    0.01269
546537.256784282        0.00792   -0.00699   -0.00414    0.00658   -0.00965    0.00582    0.30427   -0.43575    0.01399
546537.556813439        0.01019   -0.00769   -0.00317    0.00528   -0.00557    0.00683    0.30998   -0.42333    0.00381
546537.906827956        0.01057   -0.00828   -0.00111   -0.00823    0.00354   -0.00093    0.35237   -0.42312   -0.01505
546538.000000000        0.01939   -0.00177   -0.02286   -0.00334    0.00784   -0.00775    0.53303   -0.35108    0.01541
546538.356817184        0.01702    0.00739   -0.01800   -0.00190    0.00077    0.01543    0.55870   -0.35873    0.00017
546538.656777335        0.02784    0.00771   -0.01438    0.00569   -0.02240    0.03662    0.74118   -0.29798    0.00127
546539.000000000        0.03064   -0.00430    0.00014   -0.00145   -0.06346    0.05384    0.79836   -0.24196    0.01915
546539.306699996        0.09821   -0.03340    0.00551    0.04411   -0.10917    0.06814    0.64295   -0.20563    0.11684
546539.706679864        0.10507   -0.06696    0.03390   -0.04786   -0.06179    0.05550    0.61442   -0.13718    0.18315
546540.000000000        0.08128   -0.07148    0.04824   -0.13328    0.00389    0.04645    0.64721   -0.07745    0.21505
546540.306744163        0.02827   -0.06111    0.06052   -0.21394    0.03229    0.04259    0.68194   -0.02940    0.23770
546540.556760953        0.10787   -0.08041    0.05150   -0.12591    0.00131    0.04351    0.57908    0.04343    0.31080
546540.856781101        0.07098   -0.07452    0.06739   -0.16368    0.01201    0.04911    0.57831    0.09180    0.34760
546541.000000000        0.04942   -0.06813    0.07778   -0.18355    0.02080    0.05808    0.58028    0.13009    0.37157
546541.256829972       -0.00244   -0.05714    0.09402   -0.23468    0.04402    0.06087    0.60831    0.19381    0.39048
546541.506878770       -0.06827   -0.04297    0.10709   -0.29403    0.05911    0.03791    0.67521    0.26631    0.40407
546541.756931567        0.01073   -0.05540    0.11023   -0.20420    0.03177    0.02767    0.59864    0.33092    0.46707
546542.000000000       -0.04033   -0.04457    0.11464   -0.22649    0.05342    0.00906    0.63137    0.36814    0.47226
546542.207002799       -0.08420   -0.03118    0.11168   -0.19619    0.06890   -0.03437    0.66211    0.39794    0.47158
546542.407024233       -0.12046   -0.01823    0.09991   -0.16406    0.05494   -0.07531    0.68033    0.40743    0.46852
546542.607039667       -0.15205   -0.00999    0.08393   -0.15583    0.02777   -0.07436    0.70090    0.39455    0.46683
546542.857043459       -0.08904   -0.01807    0.06946   -0.02297   -0.00048   -0.04932    0.71401    0.37426    0.48046
546543.000000000       -0.09077   -0.01605    0.06256   -0.01073    0.00221   -0.04723    0.71050    0.37260    0.49109
546543.207057969       -0.09369   -0.01400    0.05237   -0.01254    0.00583   -0.04839    0.72313    0.37577    0.49680
546543.457071761       -0.09830   -0.01166    0.03971   -0.01805    0.00882   -0.05176    0.73730    0.37271    0.50189
546543.657109195       -0.07169   -0.01124    0.03331    0.02623    0.00547   -0.05328    0.81609    0.34985    0.50399
546543.857166629       -0.06708   -0.00816    0.02264    0.03255    0.00038   -0.05106    0.82249    0.34292    0.51408
546544.000000000       -0.06413   -0.00756    0.01503    0.03398   -0.00366   -0.04516    0.86543    0.33915    0.52034
546544.207271143       -0.05925   -0.00777    0.00554    0.03065   -0.00455   -0.03239    0.92155    0.32360    0.53669
546544.457376941       -0.05164   -0.00330    0.00603    0.02883   -0.00453   -0.01908    0.98444    0.29407    0.56150
546544.757530098       -0.04349   -0.00529    0.00050    0.03216   -0.00908   -0.02215    1.02656    0.30196    0.56829
546545.000000000       -0.03584   -0.00858   -0.00467    0.03338   -0.01419   -0.02180    1.05437    0.32953    0.57550
546545.307634043       -0.02520   -0.01323   -0.00780    0.03689   -0.00844   -0.00987    1.05977    0.32877    0.59799
546545.607677191       -0.01387   -0.01501   -0.01487    0.03765   -0.00466   -0.04129    1.07126    0.36548    0.60798
546545.857688981       -0.00778   -0.01482   -0.00281    0.02481    0.00777   -0.08904    1.22728    0.31950    0.61773
546546.000000000       -0.00579   -0.01303   -0.01695    0.01567    0.01695   -0.10346    1.18709    0.30712    0.61916
546546.207843493       -0.00335   -0.00947   -0.03770    0.01113    0.01716   -0.09123    1.18254    0.30235    0.61700
546546.457824291       -0.00061   -0.00571   -0.05822    0.00896    0.01326   -0.07960    1.15500    0.30297    0.62406
546546.707796088        0.00154   -0.00327   -0.07773    0.00533    0.01353   -0.07706    1.13606    0.30110    0.62724
546546.907784526        0.00187   -0.00120   -0.09226   -0.00260    0.01464   -0.07257    1.13012    0.29816    0.62494
546547.000000000        0.01067   -0.00420   -0.05998    0.00828    0.01507   -0.06590    1.39652    0.21001    0.60420
