546526.998872991       -0.00024    0.00076    0.00487   -0.00001    0.00002    0.00014   -0.00003    0.00008   -0.00006
546527.000000000       -0.00024    0.00076    0.00486    0.00169   -0.00093   -0.00071    0.00011    0.00123   -0.00023
546527.006437774       -0.00109    0.00453    0.01975   -0.00997   -0.01209   -0.02226    0.04113   -0.21105    0.47439
546527.206399212       -0.00125    0.00275    0.01606    0.00127   -0.00871   -0.02223    0.02067   -0.14931    0.47814
546527.456360010       -0.00067    0.00130    0.00938    0.00360   -0.00035   -0.03245    0.02173   -0.13033    0.47893
546527.756335167       -0.00389    0.00183    0.01171   -0.00610    0.00695   -0.01666    0.00452   -0.27913    0.49047
546528.000000000       -0.00681    0.00324    0.00857   -0.00787    0.00805   -0.01090    0.01162   -0.33316    0.49194
546528.006313964       -0.00600    0.00327    0.00842   -0.00872    0.00768   -0.01042    0.01299   -0.33103    0.49187
546528.356331470       -0.00840    0.00492    0.00291   -0.00092    0.00102   -0.01801    0.02354   -0.28798    0.49227
546528.606333260       -0.00965    0.00519    0.00115    0.00507   -0.00427   -0.01605    0.02624   -0.33623    0.51530
546528.856342050       -0.00238    0.00360   -0.00306    0.01692   -0.00817   -0.01332    0.02501   -0.32419    0.53298
546529.000000000        0.00165    0.00093   -0.00461    0.02031   -0.00862   -0.01311    0.05074   -0.32687    0.53394
546529.256368917        0.00592   -0.00244   -0.00835    0.01266   -0.00626   -0.01225    0.05873   -0.33440    0.54752
546529.606405426        0.01710   -0.00412    0.00017    0.01297    0.00776   -0.01172    0.04654   -0.41411    0.56778
546529.956403936        0.01704   -0.00205   -0.00514   -0.02834    0.00749   -0.01176    0.05202   -0.40979    0.57543
546530.000000000        0.01601   -0.00258   -0.00639   -0.03497    0.00509   -0.01000    0.04679   -0.42289    0.57418
546530.306420445        0.00537   -0.00480   -0.00248   -0.03702    0.00160   -0.00578    0.01571   -0.44446    0.57328
546530.556416238       -0.00118   -0.00435   -0.00497   -0.02037    0.01099   -0.00464    0.02515   -0.46563    0.57700
546530.906387747       -0.00739   -0.00121   -0.00617   -0.01536    0.01488   -0.00091    0.02713   -0.46960    0.58313
546531.000000000       -0.00819   -0.00404   -0.00295   -0.01252    0.01427   -0.00132    0.01761   -0.47446    0.56225
546531.306358621       -0.01080   -0.00125   -0.00379   -0.00316    0.01728   -0.00045    0.01030   -0.46747    0.54875
546531.656365138       -0.00984    0.00145   -0.00389    0.00648    0.01173    0.00067    0.00790   -0.47423    0.53506
546532.000000000       -0.01061    0.00005   -0.00134   -0.00180    0.01097   -0.00102    0.00721   -0.45462    0.51195
546532.356338160       -0.01285    0.00303   -0.00216   -0.00316    0.01583   -0.00289   -0.00821   -0.46390    0.49604
546532.756339024       -0.01248    0.00859   -0.00382    0.00500    0.01284   -0.00324   -0.01145   -0.45108    0.47515
546533.000000000       -0.01975    0.00616    0.00099   -0.00601    0.00791   -0.00236   -0.01876   -0.47217    0.44244
546533.356401324       -0.02317    0.00860   -0.00080    0.00428    0.00829   -0.00501   -0.03828   -0.47316    0.42778
546533.756464192       -0.01819    0.01110   -0.00372    0.01825    0.00519   -0.00779   -0.04327   -0.47690    0.41449
546534.000000000       -0.01387    0.01119   -0.00377    0.01924    0.00369   -0.00319   -0.04585   -0.47924    0.40395
546534.356483494       -0.02310    0.01031   -0.00376    0.00913    0.01225   -0.00249   -0.03767   -0.47268    0.37177
546534.906576437       -0.01526    0.01503   -0.00595    0.02702    0.00589   -0.00413   -0.04482   -0.48153    0.34350
546535.000000000       -0.01334    0.01506   -0.00554    0.02920    0.00597   -0.00395   -0.04688   -0.47900    0.33142
546535.356632660       -0.00059    0.01552   -0.00593    0.04320    0.00225    0.00102   -0.03070   -0.48472    0.30871
546535.606649450        0.01139    0.01570   -0.00617    0.05580   -0.00086    0.00371   -0.02331   -0.47881    0.28539
546535.806668882        0.02379    0.01577   -0.00441    0.06863   -0.00072    0.00406   -0.00365   -0.48250    0.26803
546536.000000000        0.00254    0.01488   -0.00102    0.04491    0.00320    0.00557    0.02846   -0.48546    0.22837
546536.156702390        0.00978    0.01572   -0.00061    0.04374   -0.00036    0.00666    0.03554   -0.48609    0.21694
546536.356714824        0.01789    0.01560    0.00046    0.03695   -0.00232    0.00282    0.05876   -0.49208    0.20209
546536.506705900        0.02295    0.01529   -0.00011    0.03177   -0.00159    0.00045    0.06821   -0.48859    0.19429
546536.706739334        0.01399    0.01204   -0.00252    0.01277    0.00010    0.00226    0.11253   -0.48398    0.17036
546536.906758768        0.01604    0.01242   -0.00223    0.00734    0.00171    0.00337    0.14329   -0.47633    0.16485
546537.000000000        0.01655    0.01275   -0.00181    0.00717    0.00100    0.00574    0.14863   -0.48064    0.16337
546537.256784282        0.01546    0.01031   -0.00225    0.00117    0.00051    0.00672    0.16463   -0.46811    0.14494
546537.556813439        0.01510    0.00997   -0.00021   -0.00204   -0.00243    0.00482    0.18722   -0.46062    0.13773
546537.906827956        0.01447    0.00863    0.00133   -0.00403   -0.00261    0.00469    0.21220   -0.45480    0.12876
546538.000000000        0.01670    0.00632   -0.00008   -0.00237   -0.00141    0.00458    0.25736   -0.44866    0.12146
546538.356817184        0.01560    0.00751    0.00146   -0.00597   -0.00042    0.00593    0.28579   -0.43973    0.11366
546538.656777335        0.01531    0.00855    0.00314    0.00284   -0.00469    0.00327    0.30334   -0.43261    0.10970
546539.000000000        0.01819    0.00686    0.00450    0.00393   -0.01684    0.00207    0.27811   -0.41957    0.11028
546539.306699996        0.03012    0.00397    0.00590   -0.00545   -0.02452    0.00036    0.25153   -0.42237    0.12757
546539.706679864        0.02242   -0.00240    0.00525   -0.03678   -0.01062   -0.00069    0.27360   -0.40786    0.13833
546540.000000000        0.00920   -0.00351    0.00485   -0.05012   -0.00297    0.00032    0.29048   -0.39726    0.14293
546540.356747521       -0.00820   -0.00577    0.00523   -0.04399   -0.00908    0.00202    0.30387   -0.38890    0.15196
546540.606762311        0.00042   -0.00628    0.01014   -0.01760   -0.01510    0.00198    0.25090   -0.39334    0.17773
546540.906786459       -0.00277   -0.01151    0.01103   -0.01378   -0.01195   -0.00031    0.25440   -0.38224    0.18573
546541.000000000       -0.00415   -0.01293    0.01117   -0.01713   -0.01107   -0.00078    0.26138   -0.37457    0.18775
546541.306839332       -0.00982   -0.01528    0.00966   -0.02202   -0.00034   -0.01052    0.26728   -0.37001    0.19250
546541.556890129       -0.01603   -0.01467    0.00604   -0.03047    0.00560   -0.01588    0.27153   -0.36208    0.19044
546541.806941927       -0.01093   -0.01255    0.00549   -0.03284   -0.00896   -0.01092    0.23239   -0.37786    0.20320
546542.000000000       -0.01596   -0.01465    0.00407   -0.02324   -0.01311   -0.00939    0.21571   -0.38330    0.20187
546542.257011157       -0.01706   -0.01650    0.00151    0.00930   -0.00643   -0.01270    0.22580   -0.37259    0.20540
546542.457028591       -0.01530   -0.01716   -0.00051    0.00869   -0.00753   -0.01152    0.22841   -0.36894    0.20979
546542.657042025       -0.01558   -0.01898   -0.00286   -0.00832   -0.01311   -0.01129    0.23731   -0.37370    0.20949
546542.907043818       -0.00563   -0.01794   -0.00119   -0.00798   -0.01280   -0.01445    0.20606   -0.37127    0.22582
546543.000000000       -0.00702   -0.01788   -0.00200   -0.01043   -0.01030   -0.01225    0.20075   -0.37339    0.22936
546543.257058327       -0.01084   -0.01901   -0.00524   -0.00906   -0.00920   -0.01095    0.20149   -0.36690    0.22727
546543.507078120       -0.01320   -0.02093   -0.00763   -0.00529   -0.01062   -0.01123    0.20113   -0.36864    0.22561
546543.707122554       -0.00890   -0.01523   -0.00555    0.00231   -0.00817   -0.01235    0.19105   -0.37208    0.24346
546543.907179988       -0.00983   -0.01534   -0.00774    0.00353   -0.01325   -0.01173    0.20067   -0.37585    0.24627
