546526.998872991       -0.00024    0.00076    0.00487   -0.00001    0.00002    0.00014   -0.00003    0.00008   -0.00006
546527.000000000       -0.00024    0.00076    0.00486    0.00169   -0.00093   -0.00071    0.00010    0.00121   -0.00022
546527.006437774       -0.00100    0.00513    0.01508   -0.00494   -0.00227    0.01363    0.00667   -0.12980    0.52966
546527.206399212       -0.00216    0.00438    0.01529   -0.00173   -0.00507    0.00202    0.00907   -0.07108    0.53138
546527.456360010       -0.00275    0.00203    0.01348    0.00224   -0.00196   -0.01629    0.04862   -0.05150    0.52441
546527.756335167       -0.01006    0.00013    0.01872   -0.01413    0.00514   -0.01363    0.05404   -0.19067    0.50937
546528.000000000       -0.01389   -0.00084    0.01527   -0.00745    0.00078   -0.01890    0.06292   -0.25074    0.48771
546528.006313964       -0.01374   -0.00060    0.01463   -0.00785   -0.00030   -0.01913    0.02273   -0.24970    0.48302
546528.306331112       -0.01380   -0.00143    0.00641    0.00492   -0.00604   -0.02297    0.02492   -0.21696    0.48913
546528.556332902       -0.01456    0.00090    0.00310    0.00747    0.00770   -0.02585    0.03943   -0.21408    0.53270
546528.806340692       -0.00950    0.00679   -0.00357    0.02173    0.02126   -0.02787    0.02599   -0.23172    0.55717
546529.000000000       -0.00378    0.00617   -0.00659    0.03028    0.00730   -0.01204    0.05492   -0.23346    0.53552
546529.256368917        0.00404    0.00310   -0.00818    0.02348   -0.01225   -0.00457    0.06624   -0.23504    0.53541
546529.556405068        0.00878   -0.00089    0.00328    0.00186   -0.00752   -0.00755    0.09502   -0.30386    0.56570
546529.906407577        0.00727   -0.00216   -0.00224   -0.00979    0.00496   -0.02559    0.09869   -0.31934    0.57948
546530.000000000        0.00646   -0.00220   -0.00470   -0.00981    0.00516   -0.02494    0.10152   -0.32659    0.57964
546530.306420445        0.00313   -0.00491   -0.00007   -0.01201    0.00468   -0.01263    0.08085   -0.36588    0.56675
546530.556416238       -0.00039   -0.00497   -0.00282   -0.01785    0.00873   -0.00701    0.08904   -0.38327    0.56938
546530.906387747       -0.00609   -0.00231   -0.00578   -0.01384    0.01585   -0.00744    0.09323   -0.38165    0.57109
546531.000000000       -0.01022   -0.00489    0.00003   -0.01731    0.01698   -0.00807    0.08951   -0.40047    0.54746
546531.306358621       -0.01304   -0.00030   -0.00313   -0.00234    0.02269   -0.00748    0.09470   -0.39256    0.53216
546531.656365138       -0.01164    0.00397   -0.00551    0.00723    0.01278   -0.00477    0.09284   -0.39779    0.51788
546532.000000000       -0.01692    0.00365   -0.00486   -0.00730    0.00654   -0.00711    0.09849   -0.37196    0.50276
546532.356338160       -0.02035    0.00516   -0.00716   -0.00129    0.00833   -0.00804    0.08439   -0.38529    0.49540
546532.756339024       -0.01728    0.00774   -0.01077    0.01705    0.00943   -0.01168    0.08548   -0.37368    0.48669
546533.000000000       -0.02386    0.00488   -0.00740    0.00869    0.01460   -0.00954    0.08825   -0.39358    0.44973
546533.356401324       -0.02160    0.00843   -0.00865    0.01825    0.01264    0.00540    0.07470   -0.39014    0.43179
546533.756464192       -0.01290    0.00879   -0.00714    0.02790    0.00166   -0.00294    0.08637   -0.37720    0.42050
546534.000000000       -0.00598    0.00844   -0.00784    0.03009    0.00287   -0.00897    0.07937   -0.37858    0.41373
546534.356483494        0.00482    0.00976   -0.00928    0.03432    0.01611    0.00264    0.08687   -0.36685    0.40140
546534.856576079       -0.00437    0.01228   -0.00287    0.02284    0.02446    0.00372    0.11890   -0.36124    0.31102
546535.000000000       -0.00129    0.01602   -0.00235    0.02510    0.02205   -0.00258    0.12355   -0.35320    0.29180
546535.306627302        0.00680    0.02189   -0.00514    0.02745    0.01408   -0.00936    0.12415   -0.35100    0.25101
546535.556646092        0.01428    0.02401   -0.00733    0.03655    0.00835   -0.01153    0.13872   -0.34956    0.21737
546535.756665524        0.02278    0.02509   -0.00880    0.05030    0.00113   -0.00698    0.16193   -0.35528    0.19303
546535.956680956        0.03377    0.02432   -0.00972    0.06113   -0.00861   -0.00208    0.19366   -0.34308    0.17156
546536.000000000        0.00649    0.02181   -0.00220    0.03596   -0.00408    0.00014    0.19956   -0.35974    0.14456
546536.156702390        0.01176    0.02099   -0.00252    0.04010   -0.00771    0.00251    0.19437   -0.35719    0.13309
546536.356714824        0.01969    0.02011   -0.00247    0.03651   -0.00646   -0.00341    0.20173   -0.35998    0.11593
546536.506705900        0.02439    0.01928   -0.00462    0.02762   -0.00444   -0.01311    0.19856   -0.35690    0.10625
546536.706739334        0.01287    0.01578   -0.00433    0.00327   -0.00032   -0.01346    0.20417   -0.37041    0.07965
546536.906758768        0.01297    0.01647   -0.00717   -0.00131   -0.00029   -0.00961    0.23044   -0.36566    0.07198
546537.000000000        0.01272    0.01687   -0.00787    0.00006   -0.00251   -0.00645    0.20470   -0.37697    0.06925
546537.256784282        0.00937    0.01703   -0.01059   -0.00203   -0.00447   -0.00667    0.26448   -0.36359    0.05786
546537.556813439        0.00978    0.01698   -0.01417    0.00322   -0.00764   -0.00815    0.28822   -0.36314    0.04805
546537.906827956        0.01176    0.01387   -0.01618    0.00345   -0.01421   -0.00025    0.36819   -0.35381    0.03415
546538.000000000        0.02382    0.01727   -0.02760    0.01323   -0.01735    0.00136    0.46162   -0.31788    0.05939
546538.356817184        0.03308    0.01235   -0.02565    0.01870   -0.02584    0.01322    0.56860   -0.29275    0.06169
546538.706769694        0.04120    0.00375   -0.01901    0.00905   -0.03959    0.02136    0.63091   -0.26391    0.07720
546539.000000000        0.04211   -0.00899   -0.00877   -0.00898   -0.05913    0.04437    0.61282   -0.22643    0.10098
546539.356696354        0.10399   -0.03921    0.00321    0.00395   -0.07621    0.05403    0.46705   -0.18675    0.18265
546539.756685222        0.08761   -0.05338    0.02332   -0.09940   -0.02179    0.02787    0.48440   -0.13989    0.26198
546540.000000000        0.05743   -0.05411    0.02807   -0.16044    0.02143    0.01266    0.47978   -0.10942    0.26472
546540.356747521       -0.00894   -0.03976    0.02993   -0.20174    0.03545    0.01221    0.50189   -0.08062    0.29585
546540.606762311        0.05634   -0.05174    0.03377   -0.11098    0.00402    0.03882    0.34887   -0.05769    0.36921
546540.906786459        0.02482   -0.04979    0.04878   -0.12719    0.01521    0.04324    0.39708    0.00158    0.39796
546541.000000000        0.01344   -0.04748    0.05371   -0.14087    0.02306    0.04330    0.40557    0.02664    0.40784
546541.256829972       -0.02614   -0.03948    0.06360   -0.17038    0.03859    0.01944    0.45766    0.07635    0.42770
546541.506878770       -0.07232   -0.02922    0.06284   -0.20788    0.04744   -0.01204    0.47920    0.10941    0.44268
546541.756931567       -0.01479   -0.03716    0.06041   -0.15612    0.02651   -0.03664    0.37145    0.11699    0.48029
546542.000000000       -0.05178   -0.03029    0.04862   -0.14457    0.03019   -0.04732    0.36138    0.10287    0.48762
546542.257011157       -0.08242   -0.02108    0.03920   -0.10150    0.03397   -0.03418    0.38931    0.11768    0.49720
546542.457028591       -0.10217   -0.01441    0.03238   -0.09723    0.02852   -0.04033    0.40431    0.12204    0.50184
546542.657042025       -0.12250   -0.00940    0.02318   -0.10770    0.02223   -0.04479    0.43757    0.11670    0.50387
546542.907043818       -0.07263   -0.01256    0.01981   -0.03409    0.00664   -0.04281    0.39911    0.10871    0.51989
546543.000000000       -0.07583   -0.01137    0.01616   -0.03016    0.00563   -0.04067    0.39753    0.10492    0.52313
546543.257058327       -0.08272   -0.01010    0.00554   -0.01885    0.00052   -0.04147    0.40855    0.11159    0.53016
546543.457071761       -0.08578   -0.01001   -0.00279   -0.00992   -0.00119   -0.04242    0.43654    0.10493    0.53747
546543.657109195       -0.06929   -0.01090   -0.00111    0.01932   -0.00324   -0.04268    0.46712    0.08134    0.54524
546543.857166629       -0.06591   -0.01000   -0.00945    0.02445   -0.00340   -0.04232    0.47561    0.07848    0.55597
546544.000000000       -0.06315   -0.00978   -0.01510    0.02666   -0.00195   -0.03952    0.52460    0.07517    0.56191
546544.207271143       -0.05748   -0.00986   -0.02245    0.03059   -0.00132   -0.03428    0.53966    0.06824    0.57519
546544.457376941       -0.05546   -0.01128   -0.01365    0.03087   -0.00112   -0.02763    0.61030    0.02421    0.58209
546544.757530098       -0.04629   -0.01027   -0.02452    0.04035    0.00380   -0.03839    0.62848    0.03056    0.59473
546545.000000000       -0.03655   -0.00903   -0.03472    0.04422    0.00742   -0.04181    0.66906    0.04926    0.59655
546545.307634043       -0.02244   -0.00558   -0.04630    0.05235    0.01840   -0.03563    0.68781    0.02794    0.60239
546545.607677191       -0.00560   -0.00003   -0.05878    0.05199    0.01645   -0.05195    0.70820    0.03595    0.59395
546545.907730339       -0.01128    0.00107   -0.04839    0.02336    0.00877   -0.05615    0.83301   -0.01752    0.58884
546546.000000000       -0.00966    0.00218   -0.05277    0.02110    0.00899   -0.05434    0.82267   -0.01879    0.58995
546546.257843853       -0.00424    0.00399   -0.06595    0.02033    0.00757   -0.05079    0.81559   -0.01803    0.59142
546546.507818650        0.00128    0.00561   -0.07805    0.02394    0.00716   -0.04865    0.79674   -0.01433    0.59854
546546.757790448        0.00798    0.00731   -0.09011    0.02639    0.00906   -0.05169    0.79355   -0.03169    0.60193
546546.957784886        0.01360    0.00920   -0.10038    0.02913    0.00825   -0.04778    0.78475   -0.01921    0.60095
546547.000000000        0.00258    0.00688   -0.07049    0.01537    0.00825   -0.04145    0.98215   -0.09486    0.59036
546547.157785321        0.00477    0.00793   -0.07659    0.01474    0.00484   -0.03328    0.97238   -0.07335    0.58713
546547.357786755        0.00714    0.00865   -0.08279    0.00875    0.00071   -0.03132    0.97320   -0.06974    0.58172
546547.557785189        0.00887    0.00827   -0.08894    0.00549    0.00217   -0.03773    0.98128   -0.04797    0.58608
