546526.998872991       25.28049 -243.76382    9.18087    5.35999   -0.35798   -0.01186    1.04565    1.05739   -4.79113
546527.000000000       25.28653 -243.76422    9.18086    5.35969   -0.35993   -0.01271    1.04571    1.05977   -4.79304
546527.006437774       25.32019 -243.76285    9.19915    5.34567   -0.36472   -0.05171    1.06186    0.82601   -4.34984
546527.356363291       27.17458 -243.90034    9.18267    5.24229   -0.36397   -0.03690    0.94112    0.79041   -4.87988
546527.806328526       29.50403 -244.07580    9.16547    5.11311   -0.37420   -0.04460    0.96802    0.98794   -5.05098
546528.000000000       30.49021 -244.14680    9.15480    5.06188   -0.36062   -0.04718    1.07667    1.08355   -5.10513
546528.206303396       31.52784 -244.22339    9.14186    4.99524   -0.37878   -0.06540    1.20747    1.18817   -5.25319
546528.606333260       33.50139 -244.38546    9.11266    4.87890   -0.41656   -0.06893    1.32107    1.27272   -5.84571
546529.006352174       35.43203 -244.56543    9.08618    4.77915   -0.46357   -0.06819    1.41105    1.08993   -6.67059
546529.456390351       37.55749 -244.79477    9.06227    4.68102   -0.52670   -0.03453    1.50461    0.92355   -7.28698
546530.006400294       40.09958 -245.09549    9.03926    4.56666   -0.57224   -0.04815    1.63620    0.86902   -7.79367
546530.456421521       42.13189 -245.36930    9.01904    4.46538   -0.61791   -0.03514    1.58012    0.87238   -8.48198
546531.006371464       44.54821 -245.72465    8.99620    4.35982   -0.63030   -0.03833    1.44445    0.86762   -8.94964
546531.506363059       46.71500 -246.04535    8.98688    4.29225   -0.62691   -0.01761    1.46373    0.73202   -9.00494
546532.106340370       49.25410 -246.41449    8.97387    4.17081   -0.60722   -0.01094    1.61150    1.03200   -9.03534
546532.706338666       51.72633 -246.77114    8.94464    4.05247   -0.58216   -0.06595    1.70312    1.21639   -9.10858
546533.306400965       54.11676 -247.12426    8.89824    3.93595   -0.61510   -0.05996    1.78451    1.07667   -9.43803
546533.856468909       56.25575 -247.45850    8.87001    3.81534   -0.59817   -0.03707    1.68185    0.85707  -10.04781
546534.406486852       58.33881 -247.78392    8.85545    3.72641   -0.58092   -0.02944    1.61252    1.11566  -10.43438
546535.006587154       60.54140 -248.12984    8.83615    3.61710   -0.57071   -0.03775    1.69751    0.88409  -10.75282
546535.456637376       62.11257 -248.40133    8.81341    3.50336   -0.62402   -0.02250    1.84864    0.83032  -11.62092
546535.806668882       63.30652 -248.63572    8.78646    3.41569   -0.71979   -0.02938    2.03273    0.80193  -13.10381
546536.056689723       64.17778 -248.83761    8.78105    3.35538   -0.83612   -0.02673    1.96989    0.73656  -14.50946
546536.306714466       65.01081 -249.06138    8.74663    3.29840   -0.89741   -0.02663    1.97243    0.69769  -15.95134
546536.556711258       65.82582 -249.29087    8.73523    3.24888   -0.98560   -0.02110    1.92404    0.61547  -17.43212
546536.856755409       66.76353 -249.60718    8.71357    3.20789   -1.04943   -0.01241    1.81253    0.55632  -18.87635
546537.256784282       67.94162 -250.04096    8.70919    3.16382   -1.10429    0.00912    1.87863    0.47923  -20.00803
546537.756819877       69.20483 -250.57651    8.66349    3.13738   -1.10435    0.00170    1.79107    0.46607  -20.64689
546538.356817184       70.79654 -251.24704    8.61345    3.10532   -1.12660    0.00716    1.55816    0.51330  -20.97524
546538.956733486       72.55309 -251.92055    8.57180    3.11995   -1.18315    0.00685    1.28144    0.51236  -20.72358
546539.456689071       74.08563 -252.50521    8.58483    3.13414   -1.16546    0.01533    1.23943    0.46506  -20.22273
546540.056715423       75.94634 -253.17788    8.59800    3.11873   -1.07826    0.00691    1.15458    0.43129  -19.49905
546540.606762311       77.65253 -253.73418    8.59615    3.17798   -0.97768    0.00765    0.96915    0.48388  -18.34384
546541.056804584       79.12411 -254.16810    8.60081    3.30601   -0.95727   -0.02326    0.99609    0.48785  -17.30547
546541.506878770       80.63661 -254.59871    8.58775    3.43652   -0.96142   -0.01950    0.91866    0.38410  -16.20421
546541.956983005       82.19036 -255.00425    8.58883    3.55900   -0.89415   -0.00334    1.01176    0.35652  -14.88559
546542.357021874       83.64723 -255.35015    8.59418    3.66354   -0.82563    0.01381    0.98836    0.36638  -13.48302
546542.657042025       84.79998 -255.59926    8.60633    3.74305   -0.75741    0.00485    0.99917    0.38337  -12.23639
546543.007048535       86.28119 -255.91095    8.64893    3.84884   -0.68682    0.02001    0.94946    0.41558  -10.79096
546543.357065044       87.90639 -256.22186    8.70044    3.95524   -0.61485    0.01553    0.75638    0.34582   -9.30419
546543.707122554       89.50761 -256.46604    8.74304    4.05164   -0.50115    0.02672    0.64868    0.27901   -7.71847
546544.007208705       90.77574 -256.62358    8.75802    4.10045   -0.39654    0.02365    0.57461    0.29221   -6.25256
546544.357376222       92.44749 -256.80871    8.78325    4.14746   -0.29050    0.03449    0.51870    0.26084   -4.68485
546544.757530098       94.24161 -256.97349    8.83187    4.20612   -0.19393    0.01531    0.91314   -0.00304   -3.50497
546545.207607327       96.06708 -257.04088    8.85313    4.24938   -0.09171    0.05172    1.13456   -0.17104   -2.57008
546545.857688981       98.82566 -257.12360    8.87965    4.36566   -0.13538    0.03965    1.70275   -0.19423   -2.81088
546546.257843853      100.59407 -257.22374    8.87553    4.42267   -0.21751    0.02493    1.86360   -0.23361   -3.60795
546546.657801729      102.30225 -257.31904    8.88836    4.43822   -0.29820    0.04480    2.01062   -0.12043   -4.36698
546546.957784886      103.58723 -257.40935    8.91251    4.54616   -0.33515    0.05571    1.91091   -0.89356   -4.89516
546547.207785679      104.78644 -257.51437    8.91699    4.59225   -0.36745    0.06822    2.04391   -1.89968   -5.39141
546547.507787830      106.24844 -257.65784    8.95769    4.58403   -0.45408    0.24741    1.96832   -2.58426   -6.15270
546547.807762981      107.68182 -257.78841    9.03174    4.69138   -0.47974    0.22859    1.88929   -2.68235   -6.89854
546548.107741134      109.14155 -257.94282    9.09725    4.75112   -0.59005    0.26733    1.90911   -2.71236   -7.62250
546548.607708729      111.52877 -258.23761    9.22718    4.85105   -0.67717    0.25078    1.72424   -2.36313   -8.58866
546549.107677324      114.01377 -258.59076    9.32596    4.96734   -0.76622    0.22350    1.60407   -2.22295   -9.15211
546549.657590279      116.61881 -258.97821    9.48431    5.08075   -0.83334    0.25801    1.39542   -2.39340   -9.49762
546550.207526229      119.36363 -259.40658    9.60780    5.14331   -0.83213    0.27211    1.24960   -2.05450   -9.62227
546550.707427814      122.08328 -259.83003    9.74538    5.25532   -0.81874    0.21241    1.26765   -1.91793   -9.73202
546551.207369403      124.66414 -260.20425    9.86192    5.25666   -0.82118    0.20952    1.40399   -1.55611   -9.82234
546551.657465639      126.78565 -260.54962    9.92573    5.19224   -0.85156    0.13810    1.39097   -0.45058   -9.84093
546552.207559587      129.67459 -261.01436    9.95291    5.06128   -0.87024    0.02111    1.45309    0.33392   -9.68828
546552.657546809      131.86159 -261.41202    9.93991    4.91824   -0.83377   -0.02008    1.58067    0.74698   -9.61585
546553.157632396      134.23347 -261.81802    9.92486    4.74383   -0.80867    0.01293    1.50918    0.47734   -9.92191
546553.457753556      135.61388 -262.06563    9.91339    4.81249   -0.81201    0.02939    1.27239   -0.60761  -10.13934
546553.657879996      136.55807 -262.23540    9.92756    4.85964   -0.80497    0.03515    1.42914   -2.03039  -10.32172
546553.857961436      137.52624 -262.43619    9.94745    4.85994   -0.88098    0.14793    1.41557   -3.42071  -10.54886
546554.208035954      139.82608 -262.86692   10.01633    4.94269   -0.88759    0.38112    1.35973   -4.21107  -11.07716
546554.608051830      142.05027 -263.02690   10.30907    5.08178   -0.98408    0.46575    1.21371   -4.15532  -11.44838
546554.908061987      143.60592 -263.32598   10.44254    5.28933   -0.99345    0.44302    1.28412   -4.42963  -11.59222
546555.208052144      145.20927 -263.63985   10.59869    5.36736   -1.07020    0.46820    1.15539   -5.06277  -11.68971
