0.99500000    99.68156460     5.62867069     0.72594021    -0.61320776     5.63764792     0.55764506     3.11976129     9.61148785     4.47745645
     1.00000000    99.67849527     5.65685959     0.72872224    -0.61452400     5.63791119     0.55516334     3.10246481     9.64708812     4.49880461
     1.00000308    99.67845404     5.65715261     0.72795716    -0.49289876     5.68640148     0.57152547     3.10340473     9.63978237     4.50881449
     1.24999679    99.51927341     7.06512694     0.84638883    -0.72769832     5.62072569     0.42327021     1.82412622    10.85883558     5.64540345
     1.45000503    99.34985528     8.18172009     0.91855205    -0.87336704     5.60683728     0.32214117     0.67221593    11.42506043     6.50964795
     1.65001277    99.15822998     9.30231118     0.97204349    -0.99794739     5.61397802     0.20954052    -0.45335246    11.42929271     7.39717542
     1.85003196    98.95256821    10.42448364     1.00293975    -1.13617421     5.60566882     0.08120960    -1.61106678    11.03623461     8.31725088
     2.00000000    98.77540081    11.26505207     1.00880013    -1.22819995     5.60334801    -0.00904907    -2.41189664    10.43783283     8.99425506
     2.05002344    98.71278457    11.54440095     1.00920915    -1.25982734     5.59613479    -0.03488030    -2.68066578    10.19585114     9.22233555
     2.25002464    98.44977571    12.66134991     0.99059177    -1.37589988     5.56396955    -0.16484925    -3.62941129     8.95231667    10.10603498
