1.000000000  7.27941  99.37145 -0.93912  -0.05014 0.00792  0.07178  
2.000000000  14.73534 97.75589 -0.97117  -0.00015 0.00078  0.00112  
3.000000000  22.01195 95.07744 -0.09251  0.00096 0.03533 0.04997 
4.000000000  29.05424 91.33624 0.78570   0.04338  -0.00489 0.06173  
5.000000000  35.74510 86.61579 0.78865   -0.02136 0.01039  0.03359  
6.000000000  42.08027 80.94459 -0.07410  0.02131 0.00843 0.03240 
7.000000000  47.94422 74.38541 -0.95046  0.01455 0.00694 0.02279 
8.000000000  53.28533 67.01785 -0.94901  0.01269 0.04535 0.06659 
9.000000000  58.04687 58.88023 -0.08831  0.03931  -0.02530 0.06610  
10.000000000  62.15189 50.13021 0.76959   0.01290 0.00294 0.01871 
11.000000000  65.60018 40.82353 0.80388   0.06549  -0.01058 0.09380  
12.000000000  68.30010 31.07475 -0.07833  0.00277  -0.01228 0.01781  
13.000000000  70.27877 20.98145 -0.94375  0.01712  -0.01805 0.03518  
14.000000000  71.47332 10.66390 -0.95848  -0.01253 0.01222  0.02474  
15.000000000  71.88856 0.22191  -0.09685  -0.01207 0.02283  0.03652  
16.000000000  71.52223  -10.22795 0.76977    0.02006 0.00032 0.02837 
17.000000000  70.36760  -20.56263 0.78957    0.02887  -0.02814 0.05700  
18.000000000  68.44016  -30.66024 -0.07506   0.01479  -0.01658 0.03142  
19.000000000  65.77353  -40.44396 -0.92228   0.02696  -0.06445 0.09879  
20.000000000  62.36594  -49.74709 -0.94793   -0.02051 0.02754  0.04856  
21.000000000  58.28385  -58.54767 -0.09369   -0.01986 -0.02281 0.04277  
22.000000000  53.55502  -66.66038 0.79153    -0.04010 0.06468  0.10761  
23.000000000  48.26163  -74.08846 0.77505    0.00089  -0.01423 0.02017  
24.000000000  42.44724  -80.68934 -0.05930   0.05248  -0.03563 0.08970  
25.000000000  36.13718  -86.38076 -0.93139   -0.00172 0.04461  0.06312  
26.000000000  29.44890  -91.16950 -0.95110   0.01523  -0.01093 0.02652  
27.000000000  22.44208  -94.93347 -0.07717   0.06283 0.01296 0.09071 
28.000000000  15.14603  -97.66443 0.77265    -0.03393 -0.00487 0.04847  
29.000000000  7.72971   -99.30963 0.77509    0.00459 0.02181 0.03152 
30.000000000  0.21473   -99.87621 -0.07518   -0.01651 0.02728  0.04509  
31.000000000  -7.29311  -99.37634 -0.93105   -0.00230 -0.04379 0.06200  
32.000000000  -14.73204 -97.76182 -0.94552   -0.00991 -0.02219 0.03437  
33.000000000  -22.00752 -95.06161 -0.08624   0.00239 0.03607 0.05111 
34.000000000  -29.06456 -91.35030 0.78770    -0.06557 -0.02504 0.09925  
35.000000000  -35.75733 -86.61241 0.76348    0.00118  -0.00163 0.00284  
36.000000000  -42.07343 -80.93434 -0.08713   0.00815 0.00733 0.01550 
37.000000000  -47.93221 -74.37327 -0.94091   0.01214 0.01755 0.03017 
38.000000000  -53.25835 -67.01322 -0.92663   0.05723  -0.02486 0.08822  
39.000000000  -58.04544 -58.90502 -0.07591   -0.03892 -0.03567 0.07465  
40.000000000  -62.16103 -50.13176 0.77006    -0.02643 0.00407  0.03781  
41.000000000  -65.60337 -40.81697 0.78641    -0.05749 0.02255  0.08731  
42.000000000  -68.31565 -31.06734 -0.07095   -0.05439 0.01745  0.08077  
43.000000000  -70.25999 -20.96109 -0.91696   0.02739 0.07597 0.11420 
44.000000000  -71.48217 -10.66212 -0.93640   -0.03423 0.00475  0.04886  
45.000000000  -71.90338 -0.21542  -0.07802   -0.03398 0.02046  0.05609  
46.000000000  -71.52868 10.23922  0.78102    -0.02141 0.04360  0.06868  
47.000000000  -70.36265 20.57255  0.77781    0.00153 0.04527 0.06405 
48.000000000  -68.43632 30.65956  -0.09459   -0.00838 -0.00452 0.01346  
49.000000000  -65.75436 40.41504  -0.93698   0.01686  -0.03464 0.05447  
50.000000000  -62.36872 49.74628  -0.94389   -0.00153 -0.01406 0.01999  
51.000000000  -58.29304 58.53112  -0.08573   -0.00055 -0.01351 0.01912  
52.000000000  -53.57117 66.67572  0.76972    0.00789  -0.01404 0.02277  
53.000000000  -48.26928 74.09896  0.77280    -0.01882 0.02966  0.04967  
54.000000000  -42.41843 80.69391  -0.08212   0.03071 0.03495 0.06579 
55.000000000  -36.13693 86.38618  -0.94432   -0.01674 -0.02220 0.03931  
56.000000000  -29.43321 91.16065  -0.93668   0.03060 0.00122 0.04330 
57.000000000  -22.41513 94.91521  -0.05737   0.04240  -0.05975 0.10360  
58.000000000  -15.15303 97.67159  0.78185    0.03115 0.02087 0.05302 
59.000000000  -7.72547 99.32684 0.76581   0.01037 0.01472 0.02546 
60.000000000  -0.21323 99.91143 -0.07081  0.00340 0.07961 0.11268 
61.000000000  7.28178  99.35069 -0.93364  -0.05196 -0.03131 0.08578  
